Experiment	bias spectroscopy	
Date	16.08.2023 18:13:27	
User		
X (m)	-667.607E-9	
Y (m)	631.514E-9	
Z (m)	-125.819E-9	
Z offset (m)	0E+0	
Settling time (s)	100E-6	
Integration time (s)	25E-3	
Z-Ctrl hold	TRUE	
Final Z (m)	N/A	
Filter type	Gaussian	
Order	2	
Cutoff frq		

[DATA]
Bias calc (V)	Current (A)	Lock In X (V)	Lock In Y (V)	Current (A) [filt]	Lock In X (V) [filt]	Lock In Y (V) [filt]
-60.0000E-3	-498.200E-12	4.04498E+0	-79.8819E-3	-498.200E-12	4.04498E+0	-79.8819E-3
-59.4000E-3	-487.961E-12	4.10014E+0	-52.9211E-3	-491.403E-12	4.10325E+0	-53.4064E-3
-58.8000E-3	-492.629E-12	4.17421E+0	-25.8103E-3	-483.464E-12	4.14884E+0	-28.3992E-3
-58.2000E-3	-466.743E-12	4.19829E+0	-3.66110E-3	-475.053E-12	4.17701E+0	-10.3286E-3
-57.6000E-3	-469.699E-12	4.18218E+0	15.5883E-3	-467.107E-12	4.19301E+0	-9.60699E-3
-57.0000E-3	-458.862E-12	4.19102E+0	-7.95163E-3	-458.177E-12	4.20994E+0	-34.4862E-3
-56.4000E-3	-452.763E-12	4.23430E+0	-77.9835E-3	-448.183E-12	4.23547E+0	-83.9877E-3
-55.8000E-3	-434.819E-12	4.28018E+0	-151.364E-3	-438.306E-12	4.25970E+0	-143.502E-3
-55.2000E-3	-419.902E-12	4.29140E+0	-218.218E-3	-431.351E-12	4.26761E+0	-189.025E-3
-54.6000E-3	-435.588E-12	4.25938E+0	-238.210E-3	-427.371E-12	4.26115E+0	-204.337E-3
-54.0000E-3	-424.747E-12	4.22709E+0	-196.316E-3	-424.415E-12	4.26219E+0	-191.681E-3
-53.4000E-3	-418.951E-12	4.25505E+0	-152.827E-3	-419.461E-12	4.29239E+0	-166.715E-3
-52.8000E-3	-415.936E-12	4.34948E+0	-136.292E-3	-410.866E-12	4.35189E+0	-140.962E-3
-52.2000E-3	-400.994E-12	4.44430E+0	-134.709E-3	-399.894E-12	4.41603E+0	-109.537E-3
-51.6000E-3	-386.986E-12	4.49259E+0	-86.4186E-3	-387.452E-12	4.45377E+0	-57.7728E-3
-51.0000E-3	-371.209E-12	4.47893E+0	9.87497E-3	-373.579E-12	4.45055E+0	13.0816E-3
-50.4000E-3	-365.957E-12	4.41933E+0	118.278E-3	-360.548E-12	4.41093E+0	80.2559E-3
-49.8000E-3	-340.360E-12	4.35679E+0	157.529E-3	-349.936E-12	4.34897E+0	117.078E-3
-49.2000E-3	-339.574E-12	4.27706E+0	128.983E-3	-341.646E-12	4.28339E+0	115.329E-3
-48.6000E-3	-342.709E-12	4.20103E+0	86.5783E-3	-334.345E-12	4.23299E+0	88.0688E-3
-48.0000E-3	-323.434E-12	4.18366E+0	46.7947E-3	-328.719E-12	4.20900E+0	56.3280E-3
-47.4000E-3	-317.620E-12	4.20717E+0	23.4212E-3	-322.537E-12	4.20942E+0	35.5238E-3
-46.8000E-3	-326.113E-12	4.23060E+0	15.2103E-3	-315.029E-12	4.21998E+0	29.0869E-3
-46.2000E-3	-306.263E-12	4.23364E+0	36.5105E-3	-307.629E-12	4.22481E+0	30.6696E-3
-45.6000E-3	-289.565E-12	4.22566E+0	45.3779E-3	-299.112E-12	4.21628E+0	30.7875E-3
-45.0000E-3	-300.462E-12	4.20435E+0	23.6307E-3	-290.677E-12	4.19611E+0	27.9442E-3
-44.4000E-3	-280.070E-12	4.16500E+0	9.73892E-3	-282.176E-12	4.17432E+0	27.4609E-3
-43.8000E-3	-273.299E-12	4.13952E+0	32.7368E-3	-272.829E-12	4.16529E+0	34.9784E-3
-43.2000E-3	-260.595E-12	4.15843E+0	54.6568E-3	-263.497E-12	4.18045E+0	47.1624E-3
-42.6000E-3	-254.485E-12	4.21142E+0	64.1925E-3	-255.108E-12	4.22172E+0	52.7100E-3
-42.0000E-3	-253.139E-12	4.27683E+0	58.6999E-3	-246.563E-12	4.27911E+0	42.0237E-3
-41.4000E-3	-231.162E-12	4.34928E+0	24.6686E-3	-238.243E-12	4.33547E+0	15.0292E-3
-40.8000E-3	-230.488E-12	4.40078E+0	-26.1310E-3	-229.699E-12	4.37713E+0	-21.0262E-3
-40.2000E-3	-226.132E-12	4.40782E+0	-65.6517E-3	-220.002E-12	4.39717E+0	-55.0716E-3
-39.6000E-3	-208.572E-12	4.40712E+0	-89.1398E-3	-209.144E-12	4.39285E+0	-75.3186E-3
-39.0000E-3	-194.179E-12	4.38740E+0	-95.1970E-3	-198.103E-12	4.36361E+0	-75.0899E-3
-38.4000E-3	-185.074E-12	4.32597E+0	-65.3185E-3	-189.052E-12	4.31195E+0	-56.3062E-3
-37.8000E-3	-186.161E-12	4.24231E+0	-20.8136E-3	-181.974E-12	4.24679E+0	-27.8038E-3
-37.2000E-3	-175.616E-12	4.16634E+0	8.21976E-3	-175.209E-12	4.18130E+0	-1.04822E-3
-36.6000E-3	-165.289E-12	4.12106E+0	23.7451E-3	-168.169E-12	4.12467E+0	16.8951E-3
-36.0000E-3	-162.054E-12	4.07567E+0	27.3850E-3	-160.389E-12	4.07794E+0	26.8039E-3
-35.4000E-3	-155.187E-12	4.03233E+0	32.1420E-3	-152.821E-12	4.03687E+0	33.8206E-3
-34.8000E-3	-141.273E-12	4.00096E+0	38.9836E-3	-145.237E-12	3.99631E+0	42.5377E-3
-34.2000E-3	-138.821E-12	3.95891E+0	51.1532E-3	-137.098E-12	3.95332E+0	54.8138E-3
-33.6000E-3	-131.715E-12	3.90722E+0	71.1199E-3	-128.662E-12	3.90665E+0	68.4611E-3
-33.0000E-3	-116.887E-12	3.85586E+0	86.4290E-3	-119.897E-12	3.85685E+0	79.9118E-3
-32.4000E-3	-111.174E-12	3.80771E+0	89.3140E-3	-110.990E-12	3.80404E+0	85.7230E-3
-31.8000E-3	-102.607E-12	3.75485E+0	89.6623E-3	-103.117E-12	3.74252E+0	84.6113E-3
-31.2000E-3	-95.0291E-12	3.68530E+0	80.7309E-3	-96.5237E-12	3.66415E+0	78.9884E-3
-30.6000E-3	-90.7982E-12	3.57879E+0	67.3229E-3	-90.6038E-12	3.56621E+0	72.6573E-3
-30.0000E-3	-85.1770E-12	3.45178E+0	66.0250E-3	-85.2895E-12	3.45425E+0	67.7133E-3
-29.4000E-3	-80.1912E-12	3.33354E+0	67.1018E-3	-79.8929E-12	3.33836E+0	64.6595E-3
-28.8000E-3	-74.9863E-12	3.22178E+0	61.4058E-3	-74.5748E-12	3.22683E+0	63.0166E-3
-28.2000E-3	-67.3775E-12	3.11776E+0	59.3550E-3	-69.2477E-12	3.12166E+0	62.9964E-3
-27.6000E-3	-66.2009E-12	3.02060E+0	63.4904E-3	-63.7892E-12	3.02049E+0	65.7482E-3
-27.0000E-3	-57.6894E-12	2.92237E+0	71.1110E-3	-58.2603E-12	2.91986E+0	70.7510E-3
-26.4000E-3	-51.3530E-12	2.82066E+0	78.4093E-3	-52.8570E-12	2.81540E+0	75.1515E-3
-25.8000E-3	-48.5071E-12	2.71186E+0	80.3266E-3	-47.9538E-12	2.70335E+0	76.1404E-3
-25.2000E-3	-42.5800E-12	2.58869E+0	75.5553E-3	-43.6968E-12	2.58223E+0	73.0835E-3
-24.6000E-3	-40.8947E-12	2.45562E+0	66.2255E-3	-39.6319E-12	2.45352E+0	67.5221E-3
-24.0000E-3	-34.8249E-12	2.31982E+0	60.2236E-3	-35.5112E-12	2.32022E+0	61.8438E-3
-23.4000E-3	-31.2592E-12	2.18635E+0	56.6869E-3	-31.6652E-12	2.18503E+0	57.5256E-3
-22.8000E-3	-27.9122E-12	2.04962E+0	54.1782E-3	-28.1630E-12	2.04902E+0	54.8793E-3
-22.2000E-3	-24.7949E-12	1.91213E+0	52.4802E-3	-25.2729E-12	1.91312E+0	53.8428E-3
-21.6000E-3	-22.7587E-12	1.77570E+0	52.6933E-3	-22.6918E-12	1.77927E+0	54.4049E-3
-21.0000E-3	-20.3213E-12	1.64454E+0	56.4264E-3	-20.3121E-12	1.65064E+0	56.0291E-3
-20.4000E-3	-17.8553E-12	1.52263E+0	59.0789E-3	-17.9847E-12	1.53045E+0	58.0072E-3
-19.8000E-3	-15.8257E-12	1.41202E+0	59.1038E-3	-15.6989E-12	1.42124E+0	60.2670E-3
-19.2000E-3	-13.1866E-12	1.31563E+0	61.4328E-3	-13.4572E-12	1.32438E+0	62.9669E-3
-18.6000E-3	-11.4854E-12	1.23198E+0	67.3166E-3	-11.2827E-12	1.23954E+0	65.7243E-3
-18.0000E-3	-8.95440E-12	1.16001E+0	69.9953E-3	-9.16986E-12	1.16527E+0	67.6495E-3
-17.4000E-3	-7.08701E-12	1.09487E+0	68.0603E-3	-7.15848E-12	1.10034E+0	68.3438E-3
-16.8000E-3	-5.24622E-12	1.03699E+0	67.3249E-3	-5.18565E-12	1.04448E+0	68.4769E-3
-16.2000E-3	-3.27214E-12	991.323E-3	68.8025E-3	-3.21530E-12	998.402E-3	68.6445E-3
-15.6000E-3	-1.27799E-12	955.181E-3	70.2828E-3	-1.12498E-12	963.674E-3	69.1004E-3
-15.0000E-3	1.00911E-12	930.970E-3	68.1248E-3	1.03247E-12	942.103E-3	69.5632E-3
-14.4000E-3	3.43987E-12	924.141E-3	70.3575E-3	3.30837E-12	935.916E-3	69.7364E-3
-13.8000E-3	5.19536E-12	933.483E-3	71.0289E-3	5.73328E-12	947.582E-3	69.3760E-3
-13.2000E-3	8.41010E-12	964.280E-3	68.1769E-3	8.34853E-12	978.596E-3	68.2861E-3
-12.6000E-3	11.1080E-12	1.01680E+0	66.5948E-3	11.3150E-12	1.02900E+0	66.4467E-3
-12.0000E-3	13.9233E-12	1.08660E+0	64.2851E-3	14.7018E-12	1.09844E+0	65.1188E-3
-11.4000E-3	18.6252E-12	1.17277E+0	62.3748E-3	18.5114E-12	1.18759E+0	65.7350E-3
-10.8000E-3	22.4115E-12	1.28024E+0	67.0108E-3	22.9436E-12	1.29923E+0	68.6277E-3
-10.2000E-3	27.0620E-12	1.41634E+0	74.3774E-3	28.0722E-12	1.43701E+0	72.8987E-3
-9.60000E-3	33.8341E-12	1.58327E+0	78.4306E-3	34.2125E-12	1.60403E+0	76.3404E-3
-9.00000E-3	40.0512E-12	1.77972E+0	80.1570E-3	41.3336E-12	1.80315E+0	76.7051E-3
-8.40000E-3	49.8194E-12	2.00967E+0	76.0644E-3	49.2617E-12	2.03806E+0	74.0182E-3
-7.80000E-3	57.0026E-12	2.28196E+0	67.3533E-3	58.4502E-12	2.31069E+0	70.4532E-3
-7.20000E-3	66.2844E-12	2.60059E+0	65.1577E-3	68.6130E-12	2.61921E+0	67.6253E-3
-6.60000E-3	82.4704E-12	2.94324E+0	68.5079E-3	79.0653E-12	2.95861E+0	66.1717E-3
-6.00000E-3	88.9796E-12	3.30731E+0	64.6010E-3	89.4543E-12	3.32056E+0	66.5535E-3
-5.40000E-3	97.9403E-12	3.69673E+0	64.1116E-3	99.8031E-12	3.69472E+0	70.8723E-3
-4.80000E-3	110.735E-12	4.07900E+0	74.2888E-3	110.840E-12	4.07155E+0	82.8758E-3
-4.20000E-3	121.971E-12	4.44734E+0	97.6579E-3	123.916E-12	4.44000E+0	103.892E-3
-3.60000E-3	136.734E-12	4.81350E+0	132.923E-3	138.863E-12	4.79063E+0	129.463E-3
-3.00000E-3	155.949E-12	5.13689E+0	161.829E-3	155.430E-12	5.12023E+0	155.048E-3
-2.40000E-3	172.367E-12	5.43380E+0	174.040E-3	172.797E-12	5.43305E+0	179.524E-3
-1.80000E-3	191.203E-12	5.73338E+0	200.641E-3	190.204E-12	5.73544E+0	203.209E-3
-1.20000E-3	206.733E-12	6.04174E+0	233.791E-3	206.347E-12	6.02784E+0	223.782E-3
-600.000E-6	224.514E-12	6.32976E+0	248.577E-3	221.733E-12	6.29767E+0	234.551E-3
-6.93889E-18	232.875E-12	6.56831E+0	242.810E-3	235.904E-12	6.52534E+0	228.261E-3
600.000E-6	252.871E-12	6.74356E+0	214.460E-3	251.016E-12	6.69432E+0	207.038E-3
1.20000E-3	261.501E-12	6.84427E+0	169.391E-3	266.235E-12	6.80073E+0	183.318E-3
1.80000E-3	288.685E-12	6.87435E+0	149.294E-3	281.711E-12	6.85731E+0	169.973E-3
2.40000E-3	293.226E-12	6.88000E+0	167.778E-3	296.596E-12	6.88346E+0	171.653E-3
3.00000E-3	309.997E-12	6.90433E+0	187.576E-3	311.545E-12	6.88799E+0	182.378E-3
3.60000E-3	329.227E-12	6.90719E+0	198.068E-3	325.767E-12	6.86740E+0	194.031E-3
4.20000E-3	339.961E-12	6.83354E+0	199.026E-3	339.191E-12	6.81727E+0	208.679E-3
4.80000E-3	352.239E-12	6.74012E+0	212.401E-3	350.799E-12	6.73686E+0	237.229E-3
5.40000E-3	359.759E-12	6.65893E+0	270.607E-3	360.261E-12	6.62465E+0	283.565E-3
6.00000E-3	372.435E-12	6.51801E+0	354.096E-3	371.615E-12	6.48086E+0	340.202E-3
6.60000E-3	373.136E-12	6.30389E+0	404.669E-3	383.979E-12	6.31543E+0	394.525E-3
7.20000E-3	410.638E-12	6.11831E+0	441.093E-3	397.614E-12	6.15632E+0	433.519E-3
7.80000E-3	405.679E-12	5.99171E+0	477.870E-3	409.025E-12	6.03113E+0	449.517E-3
8.40000E-3	422.139E-12	5.93403E+0	459.540E-3	420.062E-12	5.93510E+0	443.141E-3
9.00000E-3	422.834E-12	5.88656E+0	413.908E-3	430.857E-12	5.82710E+0	421.361E-3
9.60000E-3	448.421E-12	5.73772E+0	388.983E-3	440.343E-12	5.67057E+0	392.602E-3
10.2000E-3	459.111E-12	5.46373E+0	372.834E-3	447.086E-12	5.46656E+0	354.886E-3
10.8000E-3	433.918E-12	5.20522E+0	332.241E-3	449.899E-12	5.25484E+0	295.703E-3
11.4000E-3	463.697E-12	5.03348E+0	222.832E-3	448.650E-12	5.07280E+0	210.770E-3
12.0000E-3	446.101E-12	4.93324E+0	94.0792E-3	445.285E-12	4.91784E+0	119.066E-3
12.6000E-3	433.867E-12	4.80387E+0	5.80089E-3	444.031E-12	4.75504E+0	52.0429E-3
13.2000E-3	439.630E-12	4.58510E+0	-6.07721E-3	445.724E-12	4.56448E+0	35.9960E-3
13.8000E-3	456.924E-12	4.32634E+0	41.0030E-3	451.773E-12	4.36674E+0	68.8342E-3
14.4000E-3	463.302E-12	4.13699E+0	145.603E-3	459.757E-12	4.20102E+0	125.551E-3
15.0000E-3	456.975E-12	4.06355E+0	203.589E-3	469.470E-12	4.08717E+0	177.584E-3
15.6000E-3	482.135E-12	4.01670E+0	216.451E-3	483.719E-12	4.01569E+0	215.451E-3
16.2000E-3	502.224E-12	3.95592E+0	228.895E-3	500.922E-12	3.97343E+0	247.507E-3
16.8000E-3	525.880E-12	3.91683E+0	279.233E-3	515.856E-12	3.96528E+0	281.376E-3
17.4000E-3	528.267E-12	3.95908E+0	340.595E-3	528.709E-12	4.00691E+0	307.150E-3
18.0000E-3	524.918E-12	4.07848E+0	337.859E-3	539.742E-12	4.10025E+0	310.218E-3
18.6000E-3	570.407E-12	4.22707E+0	288.579E-3	548.811E-12	4.22978E+0	286.880E-3
19.2000E-3	553.274E-12	4.37319E+0	247.570E-3	554.357E-12	4.36490E+0	243.663E-3
19.8000E-3	551.783E-12	4.52456E+0	203.844E-3	558.219E-12	4.47209E+0	193.860E-3
20.4000E-3	558.209E-12	4.58252E+0	128.054E-3	562.352E-12	4.52740E+0	148.508E-3
21.0000E-3	574.016E-12	4.55008E+0	97.6054E-3	570.796E-12	4.53513E+0	110.312E-3
21.6000E-3	580.375E-12	4.48981E+0	95.6580E-3	586.348E-12	4.52947E+0	73.2795E-3
22.2000E-3	587.422E-12	4.50069E+0	44.7820E-3	604.686E-12	4.55421E+0	32.8644E-3
22.8000E-3	654.556E-12	4.60156E+0	-33.4941E-3	620.867E-12	4.63274E+0	-7.47133E-3
23.4000E-3	628.179E-12	4.73989E+0	-56.7256E-3	630.257E-12	4.75789E+0	-32.4446E-3
24.0000E-3	625.108E-12	4.91311E+0	-46.2125E-3	636.024E-12	4.89526E+0	-30.4592E-3
24.6000E-3	638.194E-12	5.06639E+0	-12.3005E-3	640.338E-12	5.00984E+0	-7.02985E-3
25.2000E-3	659.173E-12	5.10707E+0	32.5619E-3	649.727E-12	5.08934E+0	19.4777E-3
25.8000E-3	650.692E-12	5.12500E+0	56.1270E-3	661.168E-12	5.14735E+0	29.0092E-3
26.4000E-3	671.038E-12	5.19040E+0	39.2893E-3	677.517E-12	5.20910E+0	3.75547E-3
27.0000E-3	695.945E-12	5.28322E+0	-32.6791E-3	695.983E-12	5.28780E+0	-66.4082E-3
27.6000E-3	731.250E-12	5.38311E+0	-155.381E-3	715.335E-12	5.36987E+0	-171.889E-3
28.2000E-3	719.529E-12	5.46749E+0	-316.036E-3	730.699E-12	5.42887E+0	-291.551E-3
28.8000E-3	748.539E-12	5.49011E+0	-417.486E-3	739.902E-12	5.45026E+0	-390.424E-3
29.4000E-3	756.881E-12	5.43678E+0	-505.530E-3	743.152E-12	5.45912E+0	-431.209E-3
30.0000E-3	732.262E-12	5.40119E+0	-465.707E-3	745.916E-12	5.51226E+0	-402.358E-3
30.6000E-3	741.105E-12	5.56852E+0	-300.373E-3	751.819E-12	5.64756E+0	-339.461E-3
31.2000E-3	767.381E-12	5.87703E+0	-212.521E-3	763.050E-12	5.84033E+0	-295.194E-3
31.8000E-3	784.337E-12	6.10895E+0	-281.112E-3	779.361E-12	6.02472E+0	-287.194E-3
32.4000E-3	783.453E-12	6.18645E+0	-368.261E-3	800.327E-12	6.16090E+0	-284.809E-3
33.0000E-3	820.790E-12	6.22225E+0	-277.012E-3	824.734E-12	6.27166E+0	-258.412E-3
33.6000E-3	869.668E-12	6.35546E+0	-154.583E-3	849.293E-12	6.38591E+0	-222.453E-3
34.2000E-3	868.118E-12	6.57170E+0	-172.404E-3	872.609E-12	6.48660E+0	-215.814E-3
34.8000E-3	880.233E-12	6.62134E+0	-251.584E-3	889.227E-12	6.53681E+0	-253.050E-3
35.4000E-3	926.717E-12	6.51198E+0	-326.513E-3	897.646E-12	6.51279E+0	-307.841E-3
36.0000E-3	898.557E-12	6.46709E+0	-370.707E-3	902.195E-12	6.42340E+0	-347.084E-3
36.6000E-3	883.084E-12	6.32308E+0	-378.527E-3	906.024E-12	6.29220E+0	-358.224E-3
37.2000E-3	922.591E-12	6.13159E+0	-355.355E-3	914.461E-12	6.14109E+0	-353.767E-3
37.8000E-3	928.428E-12	5.95825E+0	-314.391E-3	926.865E-12	5.98913E+0	-360.487E-3
38.4000E-3	945.120E-12	5.84275E+0	-363.450E-3	941.732E-12	5.85767E+0	-406.558E-3
39.0000E-3	936.804E-12	5.74742E+0	-472.339E-3	949.103E-12	5.73327E+0	-492.541E-3
39.6000E-3	990.265E-12	5.64477E+0	-630.803E-3	949.423E-12	5.59516E+0	-586.364E-3
40.2000E-3	924.502E-12	5.42542E+0	-706.189E-3	951.796E-12	5.46128E+0	-647.335E-3
40.8000E-3	922.183E-12	5.24977E+0	-676.204E-3	964.879E-12	5.39560E+0	-646.495E-3
41.4000E-3	1.02224E-9	5.33194E+0	-636.228E-3	983.736E-12	5.46788E+0	-576.317E-3
42.0000E-3	1.01961E-9	5.61446E+0	-476.795E-3	999.148E-12	5.70406E+0	-458.981E-3
42.6000E-3	992.683E-12	6.03131E+0	-282.817E-3	1.00840E-9	6.05757E+0	-324.828E-3
43.2000E-3	985.309E-12	6.49685E+0	-191.038E-3	1.01459E-9	6.44351E+0	-202.324E-3
43.8000E-3	1.06244E-9	6.86265E+0	-89.1437E-3	1.03118E-9	6.78444E+0	-111.497E-3
44.4000E-3	1.03427E-9	7.11284E+0	-27.7310E-3	1.04948E-9	7.03669E+0	-45.7157E-3
45.0000E-3	1.07522E-9	7.23859E+0	-9.88856E-3	1.06548E-9	7.18800E+0	-1.12165E-3
45.6000E-3	1.07309E-9	7.31050E+0	66.8093E-3	1.07530E-9	7.23359E+0	-7.19374E-3
46.2000E-3	1.09194E-9	7.27560E+0	23.2534E-3	1.08587E-9	7.16164E+0	-96.7478E-3
46.8000E-3	1.08725E-9	7.04572E+0	-246.569E-3	1.10253E-9	6.98683E+0	-256.946E-3
47.4000E-3	1.10417E-9	6.70515E+0	-538.883E-3	1.12673E-9	6.76543E+0	-399.911E-3
48.0000E-3	1.19243E-9	6.48808E+0	-605.230E-3	1.15027E-9	6.58541E+0	-402.168E-3
48.6000E-3	1.16732E-9	6.41292E+0	-335.273E-3	1.16547E-9	6.50094E+0	-217.421E-3
49.2000E-3	1.16019E-9	6.50136E+0	142.021E-3	1.17460E-9	6.47287E+0	71.0222E-3
49.8000E-3	1.17588E-9	6.56235E+0	484.449E-3	1.18124E-9	6.41447E+0	302.499E-3
50.4000E-3	1.20863E-9	6.31770E+0	539.181E-3	1.19376E-9	6.26665E+0	339.318E-3
51.0000E-3	1.19635E-9	6.03497E+0	284.353E-3	1.20116E-9	6.02531E+0	150.916E-3
51.6000E-3	1.21929E-9	5.75760E+0	-197.553E-3	1.20307E-9	5.72929E+0	-160.464E-3
52.2000E-3	1.18530E-9	5.40976E+0	-629.585E-3	1.20357E-9	5.44174E+0	-415.381E-3
52.8000E-3	1.20528E-9	5.09320E+0	-707.836E-3	1.21221E-9	5.24317E+0	-482.822E-3
53.4000E-3	1.22353E-9	5.00465E+0	-374.859E-3	1.22952E-9	5.22735E+0	-367.936E-3
54.0000E-3	1.25698E-9	5.28868E+0	-74.2959E-3	1.24922E-9	5.43498E+0	-192.372E-3
54.6000E-3	1.28317E-9	5.80445E+0	10.4619E-3	1.26614E-9	5.79772E+0	-88.0161E-3
55.2000E-3	1.25461E-9	6.30331E+0	-40.9483E-3	1.27663E-9	6.16491E+0	-110.358E-3
55.8000E-3	1.30627E-9	6.57978E+0	-197.552E-3	1.28989E-9	6.38289E+0	-227.119E-3
56.4000E-3	1.27957E-9	6.54971E+0	-406.280E-3	1.30452E-9	6.38261E+0	-386.938E-3
57.0000E-3	1.34860E-9	6.24145E+0	-559.909E-3	1.32291E-9	6.19096E+0	-568.503E-3
57.6000E-3	1.32523E-9	5.88915E+0	-715.096E-3	1.33033E-9	5.88798E+0	-751.360E-3
58.2000E-3	1.35653E-9	5.54432E+0	-995.906E-3	1.33323E-9	5.57278E+0	-876.454E-3
58.8000E-3	1.30078E-9	5.20234E+0	-1.08262E+0	1.33361E-9	5.36363E+0	-882.131E-3
59.4000E-3	1.34012E-9	5.09593E+0	-773.443E-3	1.34589E-9	5.33897E+0	-742.630E-3
60.0000E-3	1.36891E-9	5.46080E+0	-493.426E-3	1.36891E-9	5.46080E+0	-493.426E-3
