Experiment	bias spectroscopy	
Date	16.08.2023 18:17:53	
User		
X (m)	-647.999E-9	
Y (m)	642.703E-9	
Z (m)	-125.8E-9	
Z offset (m)	0E+0	
Settling time (s)	100E-6	
Integration time (s)	25E-3	
Z-Ctrl hold	TRUE	
Final Z (m)	N/A	
Filter type	Gaussian	
Order	2	
Cutoff frq		

[DATA]
Bias calc (V)	Current (A)	Lock In X (V)	Lock In Y (V)	Current (A) [filt]	Lock In X (V) [filt]	Lock In Y (V) [filt]
-60.0000E-3	-507.170E-12	4.90656E+0	-55.1588E-3	-507.170E-12	4.90656E+0	-55.1588E-3
-59.4000E-3	-497.792E-12	4.84357E+0	-36.6080E-3	-503.507E-12	4.85077E+0	-31.8357E-3
-58.8000E-3	-505.457E-12	4.78927E+0	2.11493E-3	-500.070E-12	4.80588E+0	-17.8868E-3
-58.2000E-3	-494.123E-12	4.76363E+0	512.284E-6	-496.822E-12	4.77517E+0	-18.3144E-3
-57.6000E-3	-495.739E-12	4.76006E+0	-34.3032E-3	-492.910E-12	4.75500E+0	-31.1852E-3
-57.0000E-3	-487.202E-12	4.74032E+0	-60.5971E-3	-486.701E-12	4.74262E+0	-46.2247E-3
-56.4000E-3	-482.186E-12	4.71974E+0	-60.8483E-3	-479.493E-12	4.74214E+0	-52.5994E-3
-55.8000E-3	-468.344E-12	4.73936E+0	-48.1735E-3	-471.255E-12	4.75824E+0	-51.0694E-3
-55.2000E-3	-463.205E-12	4.79481E+0	-40.9111E-3	-461.915E-12	4.78416E+0	-49.0368E-3
-54.6000E-3	-457.120E-12	4.83160E+0	-50.2167E-3	-451.429E-12	4.80226E+0	-50.9784E-3
-54.0000E-3	-434.675E-12	4.81404E+0	-58.6429E-3	-440.417E-12	4.80007E+0	-57.2683E-3
-53.4000E-3	-429.577E-12	4.77622E+0	-60.9405E-3	-429.592E-12	4.78072E+0	-66.9458E-3
-52.8000E-3	-420.824E-12	4.75112E+0	-77.0429E-3	-418.844E-12	4.75565E+0	-77.5507E-3
-52.2000E-3	-409.901E-12	4.73415E+0	-96.2008E-3	-408.513E-12	4.73219E+0	-83.6271E-3
-51.6000E-3	-393.837E-12	4.71151E+0	-93.5207E-3	-397.771E-12	4.71127E+0	-78.4686E-3
-51.0000E-3	-388.678E-12	4.68656E+0	-65.1286E-3	-388.742E-12	4.69160E+0	-59.9723E-3
-50.4000E-3	-378.983E-12	4.67462E+0	-29.6804E-3	-380.742E-12	4.67402E+0	-35.3536E-3
-49.8000E-3	-377.631E-12	4.65653E+0	-2.83314E-3	-372.427E-12	4.65912E+0	-15.6371E-3
-49.2000E-3	-362.216E-12	4.64535E+0	1.58050E-3	-362.318E-12	4.64452E+0	-6.74996E-3
-48.6000E-3	-349.772E-12	4.63502E+0	-7.67066E-3	-351.057E-12	4.62747E+0	-5.89472E-3
-48.0000E-3	-340.075E-12	4.60684E+0	-12.8068E-3	-340.185E-12	4.60657E+0	-7.19551E-3
-47.4000E-3	-327.600E-12	4.58368E+0	-5.32095E-3	-330.660E-12	4.57808E+0	-7.23514E-3
-46.8000E-3	-324.798E-12	4.55527E+0	-3.68101E-3	-321.603E-12	4.53805E+0	-7.63161E-3
-46.2000E-3	-312.343E-12	4.49337E+0	-7.73184E-3	-312.562E-12	4.48738E+0	-10.0959E-3
-45.6000E-3	-301.352E-12	4.42048E+0	-17.8748E-3	-304.840E-12	4.43453E+0	-14.0087E-3
-45.0000E-3	-295.949E-12	4.37268E+0	-18.4097E-3	-297.250E-12	4.39429E+0	-17.1182E-3
-44.4000E-3	-297.304E-12	4.35836E+0	-17.7988E-3	-289.713E-12	4.37734E+0	-18.1775E-3
-43.8000E-3	-276.897E-12	4.37461E+0	-19.9517E-3	-280.892E-12	4.38192E+0	-17.0617E-3
-43.2000E-3	-271.373E-12	4.40142E+0	-15.2622E-3	-272.039E-12	4.39765E+0	-13.1367E-3
-42.6000E-3	-262.104E-12	4.41962E+0	-10.1069E-3	-263.489E-12	4.41467E+0	-2.90522E-3
-42.0000E-3	-259.334E-12	4.42900E+0	5.31620E-3	-255.476E-12	4.42719E+0	17.0704E-3
-41.4000E-3	-245.957E-12	4.43903E+0	42.4724E-3	-246.201E-12	4.43314E+0	45.9881E-3
-40.8000E-3	-235.213E-12	4.43896E+0	85.1123E-3	-235.339E-12	4.43136E+0	77.8948E-3
-40.2000E-3	-226.424E-12	4.42712E+0	114.916E-3	-223.532E-12	4.41994E+0	104.132E-3
-39.6000E-3	-208.082E-12	4.40577E+0	127.469E-3	-211.971E-12	4.39773E+0	118.825E-3
-39.0000E-3	-201.226E-12	4.37110E+0	127.336E-3	-201.417E-12	4.36567E+0	120.997E-3
-38.4000E-3	-191.449E-12	4.32878E+0	119.295E-3	-192.217E-12	4.32521E+0	113.947E-3
-37.8000E-3	-183.917E-12	4.28266E+0	99.7458E-3	-185.012E-12	4.27843E+0	103.193E-3
-37.2000E-3	-176.936E-12	4.22793E+0	87.6072E-3	-178.532E-12	4.22963E+0	94.2656E-3
-36.6000E-3	-175.246E-12	4.17463E+0	87.3312E-3	-171.646E-12	4.18432E+0	90.1445E-3
-36.0000E-3	-165.512E-12	4.13927E+0	90.4143E-3	-162.538E-12	4.14635E+0	90.5889E-3
-35.4000E-3	-151.374E-12	4.11533E+0	92.9908E-3	-151.701E-12	4.11361E+0	93.0171E-3
-34.8000E-3	-136.786E-12	4.08980E+0	95.8568E-3	-141.239E-12	4.07587E+0	95.8070E-3
-34.2000E-3	-131.382E-12	4.04402E+0	98.2729E-3	-132.768E-12	4.02148E+0	99.0120E-3
-33.6000E-3	-128.482E-12	3.95854E+0	101.806E-3	-126.197E-12	3.94722E+0	102.089E-3
-33.0000E-3	-118.497E-12	3.85497E+0	107.808E-3	-120.277E-12	3.85948E+0	103.407E-3
-32.4000E-3	-114.724E-12	3.76424E+0	105.061E-3	-113.742E-12	3.76878E+0	101.750E-3
-31.8000E-3	-108.397E-12	3.67911E+0	96.4646E-3	-106.392E-12	3.68178E+0	98.0034E-3
-31.2000E-3	-97.5775E-12	3.59879E+0	91.0544E-3	-99.0865E-12	3.59742E+0	95.6303E-3
-30.6000E-3	-89.8549E-12	3.51702E+0	92.1510E-3	-92.2539E-12	3.51101E+0	97.8461E-3
-30.0000E-3	-87.3829E-12	3.42414E+0	104.237E-3	-86.1522E-12	3.41997E+0	104.878E-3
-29.4000E-3	-81.6729E-12	3.32462E+0	115.557E-3	-80.5338E-12	3.32392E+0	113.276E-3
-28.8000E-3	-73.0250E-12	3.22624E+0	124.782E-3	-74.9293E-12	3.22345E+0	118.529E-3
-28.2000E-3	-69.5128E-12	3.12354E+0	122.981E-3	-69.4523E-12	3.11932E+0	117.600E-3
-27.6000E-3	-64.8430E-12	3.01247E+0	112.687E-3	-64.3181E-12	3.01258E+0	110.958E-3
-27.0000E-3	-59.2613E-12	2.90243E+0	100.213E-3	-59.4973E-12	2.90521E+0	101.026E-3
-26.4000E-3	-53.8928E-12	2.79748E+0	89.7303E-3	-54.7972E-12	2.79841E+0	90.8737E-3
-25.8000E-3	-50.6713E-12	2.69544E+0	80.5060E-3	-50.3765E-12	2.69100E+0	82.6209E-3
-25.2000E-3	-46.4936E-12	2.58465E+0	74.3460E-3	-45.9501E-12	2.58030E+0	77.0867E-3
-24.6000E-3	-41.4662E-12	2.46721E+0	73.2453E-3	-41.5918E-12	2.46445E+0	74.3054E-3
-24.0000E-3	-36.0280E-12	2.34691E+0	72.7863E-3	-37.4832E-12	2.34313E+0	73.6780E-3
-23.4000E-3	-34.2555E-12	2.22032E+0	74.1164E-3	-33.8387E-12	2.21743E+0	74.3478E-3
-22.8000E-3	-30.8300E-12	2.08862E+0	75.4217E-3	-30.7391E-12	2.08896E+0	75.5887E-3
-22.2000E-3	-26.8130E-12	1.95833E+0	77.1116E-3	-27.9537E-12	1.96027E+0	76.8507E-3
-21.6000E-3	-26.0708E-12	1.83038E+0	78.7385E-3	-25.2461E-12	1.83490E+0	77.4378E-3
-21.0000E-3	-22.6499E-12	1.70876E+0	77.9043E-3	-22.6237E-12	1.71589E+0	76.7289E-3
-20.4000E-3	-19.5990E-12	1.59922E+0	75.6216E-3	-20.0338E-12	1.60444E+0	74.7796E-3
-19.8000E-3	-17.4688E-12	1.49740E+0	71.2407E-3	-17.4726E-12	1.49979E+0	72.3263E-3
-19.2000E-3	-15.0700E-12	1.39844E+0	69.4083E-3	-15.1003E-12	1.40018E+0	69.9780E-3
-18.6000E-3	-12.8898E-12	1.30141E+0	68.9007E-3	-12.8881E-12	1.30468E+0	67.8000E-3
-18.0000E-3	-10.3495E-12	1.20913E+0	65.4907E-3	-10.7442E-12	1.21429E+0	65.6814E-3
-17.4000E-3	-9.05817E-12	1.12467E+0	62.8510E-3	-8.69570E-12	1.13151E+0	63.8191E-3
-16.8000E-3	-6.51870E-12	1.04947E+0	61.6496E-3	-6.68002E-12	1.05951E+0	62.9586E-3
-16.2000E-3	-4.62390E-12	989.540E-3	62.4226E-3	-4.67077E-12	1.00108E+0	63.3012E-3
-15.6000E-3	-2.76727E-12	947.364E-3	65.3475E-3	-2.57568E-12	958.305E-3	64.0054E-3
-15.0000E-3	-528.386E-15	920.152E-3	65.3040E-3	-410.492E-15	932.900E-3	64.1184E-3
-14.4000E-3	1.89005E-12	911.528E-3	63.3149E-3	1.99573E-12	926.136E-3	63.2751E-3
-13.8000E-3	4.24243E-12	925.539E-3	61.6903E-3	4.63923E-12	938.850E-3	61.9626E-3
-13.2000E-3	7.63326E-12	958.546E-3	60.1546E-3	7.56793E-12	971.644E-3	61.1640E-3
-12.6000E-3	10.3671E-12	1.00988E+0	60.3259E-3	10.7972E-12	1.02498E+0	61.5031E-3
-12.0000E-3	14.1825E-12	1.08403E+0	62.4175E-3	14.5239E-12	1.10009E+0	62.8727E-3
-11.4000E-3	18.0526E-12	1.18107E+0	65.4354E-3	18.8033E-12	1.19984E+0	64.2330E-3
-10.8000E-3	23.6725E-12	1.30481E+0	66.7946E-3	23.7312E-12	1.32765E+0	65.0376E-3
-10.2000E-3	28.7547E-12	1.46375E+0	63.2921E-3	29.3408E-12	1.48613E+0	65.6568E-3
-9.60000E-3	34.8265E-12	1.65554E+0	65.7352E-3	35.7605E-12	1.67727E+0	67.5395E-3
-9.00000E-3	42.6091E-12	1.87721E+0	69.7314E-3	42.5055E-12	1.90224E+0	71.7169E-3
-8.40000E-3	50.7205E-12	2.13752E+0	77.5403E-3	49.7577E-12	2.15992E+0	77.9869E-3
-7.80000E-3	54.8398E-12	2.43297E+0	85.8738E-3	57.5524E-12	2.44545E+0	84.2907E-3
-7.20000E-3	66.4467E-12	2.74564E+0	92.2325E-3	66.2342E-12	2.75160E+0	88.5933E-3
-6.60000E-3	75.5031E-12	3.06405E+0	92.0244E-3	75.6037E-12	3.07178E+0	89.3355E-3
-6.00000E-3	85.6697E-12	3.39494E+0	88.2477E-3	85.3902E-12	3.40107E+0	87.1327E-3
-5.40000E-3	94.7167E-12	3.73789E+0	81.6575E-3	95.0833E-12	3.73428E+0	84.4927E-3
-4.80000E-3	104.761E-12	4.07362E+0	80.2370E-3	104.698E-12	4.06371E+0	84.6508E-3
-4.20000E-3	115.102E-12	4.39469E+0	85.7277E-3	114.388E-12	4.37820E+0	89.7539E-3
-3.60000E-3	122.664E-12	4.69458E+0	97.1090E-3	124.950E-12	4.66508E+0	100.656E-3
-3.00000E-3	134.983E-12	4.94866E+0	113.371E-3	136.613E-12	4.91743E+0	115.480E-3
-2.40000E-3	150.965E-12	5.14839E+0	135.397E-3	149.404E-12	5.13844E+0	129.878E-3
-1.80000E-3	161.708E-12	5.33810E+0	147.695E-3	163.255E-12	5.33832E+0	140.145E-3
-1.20000E-3	176.388E-12	5.53438E+0	144.872E-3	177.476E-12	5.52574E+0	144.596E-3
-600.000E-6	193.949E-12	5.71557E+0	146.438E-3	192.980E-12	5.70253E+0	143.792E-3
-6.93889E-18	205.451E-12	5.87498E+0	142.589E-3	211.100E-12	5.86493E+0	142.325E-3
600.000E-6	230.341E-12	6.02243E+0	132.953E-3	230.483E-12	6.01215E+0	147.301E-3
1.20000E-3	256.743E-12	6.15095E+0	150.190E-3	247.167E-12	6.14543E+0	164.345E-3
1.80000E-3	264.797E-12	6.27735E+0	191.023E-3	258.970E-12	6.26138E+0	191.224E-3
2.40000E-3	261.147E-12	6.38204E+0	234.558E-3	268.056E-12	6.34863E+0	216.137E-3
3.00000E-3	271.861E-12	6.43532E+0	245.171E-3	278.087E-12	6.39432E+0	225.437E-3
3.60000E-3	296.992E-12	6.42287E+0	223.710E-3	289.830E-12	6.39215E+0	213.597E-3
4.20000E-3	304.137E-12	6.36540E+0	190.553E-3	303.174E-12	6.34494E+0	184.923E-3
4.80000E-3	306.795E-12	6.28403E+0	147.089E-3	315.020E-12	6.25937E+0	148.157E-3
5.40000E-3	337.286E-12	6.16288E+0	107.354E-3	325.681E-12	6.14188E+0	109.008E-3
6.00000E-3	331.305E-12	6.00867E+0	72.1336E-3	335.904E-12	5.99952E+0	69.4189E-3
6.60000E-3	343.751E-12	5.84237E+0	29.4056E-3	345.400E-12	5.84207E+0	32.7079E-3
7.20000E-3	357.979E-12	5.67695E+0	-11.2318E-3	353.084E-12	5.68049E+0	6.87841E-3
7.80000E-3	361.206E-12	5.51731E+0	-23.4051E-3	361.758E-12	5.51924E+0	986.874E-9
8.40000E-3	364.123E-12	5.36471E+0	7.27215E-3	372.317E-12	5.35471E+0	11.7579E-3
9.00000E-3	384.262E-12	5.19462E+0	42.6076E-3	384.883E-12	5.17959E+0	28.6155E-3
9.60000E-3	407.164E-12	4.99998E+0	56.0728E-3	398.371E-12	4.99434E+0	31.5029E-3
10.2000E-3	407.026E-12	4.78931E+0	29.6583E-3	409.413E-12	4.81380E+0	13.5944E-3
10.8000E-3	420.266E-12	4.61868E+0	-30.6577E-3	418.505E-12	4.66352E+0	-12.7327E-3
11.4000E-3	422.841E-12	4.51846E+0	-55.3297E-3	425.864E-12	4.56160E+0	-32.3167E-3
12.0000E-3	440.183E-12	4.48973E+0	-32.3772E-3	434.326E-12	4.50460E+0	-37.0664E-3
12.6000E-3	434.456E-12	4.48250E+0	-35.1195E-3	445.848E-12	4.46778E+0	-25.7216E-3
13.2000E-3	456.503E-12	4.44842E+0	-21.6800E-3	460.924E-12	4.42601E+0	-1.22814E-3
13.8000E-3	489.261E-12	4.37156E+0	34.9661E-3	473.695E-12	4.37376E+0	31.6969E-3
14.4000E-3	489.723E-12	4.29708E+0	80.6396E-3	481.708E-12	4.32540E+0	67.1849E-3
15.0000E-3	473.083E-12	4.27532E+0	99.0139E-3	484.904E-12	4.29556E+0	97.6978E-3
15.6000E-3	487.396E-12	4.28771E+0	120.301E-3	486.659E-12	4.28464E+0	122.588E-3
16.2000E-3	497.202E-12	4.28801E+0	145.113E-3	492.021E-12	4.28341E+0	151.207E-3
16.8000E-3	488.015E-12	4.27647E+0	172.975E-3	501.481E-12	4.28610E+0	191.958E-3
17.4000E-3	515.151E-12	4.28456E+0	239.314E-3	514.011E-12	4.29424E+0	238.984E-3
18.0000E-3	532.287E-12	4.30984E+0	314.132E-3	525.366E-12	4.31017E+0	274.323E-3
18.6000E-3	544.065E-12	4.33139E+0	312.611E-3	535.266E-12	4.33490E+0	279.247E-3
19.2000E-3	525.942E-12	4.35403E+0	260.520E-3	543.137E-12	4.37260E+0	251.423E-3
19.8000E-3	557.511E-12	4.40733E+0	194.281E-3	551.798E-12	4.43134E+0	208.254E-3
20.4000E-3	568.335E-12	4.49957E+0	155.423E-3	561.805E-12	4.51287E+0	167.633E-3
21.0000E-3	563.732E-12	4.61583E+0	143.076E-3	567.819E-12	4.60477E+0	132.637E-3
21.6000E-3	584.924E-12	4.71332E+0	103.509E-3	562.012E-12	4.68787E+0	97.4296E-3
22.2000E-3	551.930E-12	4.76511E+0	56.0458E-3	544.539E-12	4.74945E+0	56.8436E-3
22.8000E-3	511.110E-12	4.79599E+0	13.8883E-3	525.715E-12	4.78191E+0	12.9814E-3
23.4000E-3	490.527E-12	4.81851E+0	-35.0737E-3	514.045E-12	4.77309E+0	-25.9364E-3
24.0000E-3	525.201E-12	4.77036E+0	-69.4459E-3	516.675E-12	4.71124E+0	-53.7870E-3
24.6000E-3	522.680E-12	4.61493E+0	-75.2804E-3	529.949E-12	4.60032E+0	-65.6876E-3
25.2000E-3	541.709E-12	4.44259E+0	-73.0116E-3	548.909E-12	4.47046E+0	-65.5713E-3
25.8000E-3	574.283E-12	4.31638E+0	-46.7649E-3	567.546E-12	4.36556E+0	-62.2377E-3
26.4000E-3	593.996E-12	4.26665E+0	-60.7309E-3	580.222E-12	4.31445E+0	-60.4670E-3
27.0000E-3	592.800E-12	4.29620E+0	-71.6362E-3	585.638E-12	4.31609E+0	-53.9489E-3
27.6000E-3	567.239E-12	4.35084E+0	-52.5675E-3	585.994E-12	4.34825E+0	-35.0241E-3
28.2000E-3	598.779E-12	4.40101E+0	-1.62108E-3	587.534E-12	4.38523E+0	-2.68011E-3
28.8000E-3	587.501E-12	4.42127E+0	45.1640E-3	593.366E-12	4.41178E+0	33.8432E-3
29.4000E-3	594.735E-12	4.42782E+0	67.7230E-3	603.718E-12	4.43009E+0	65.1235E-3
30.0000E-3	621.080E-12	4.43577E+0	92.8350E-3	614.431E-12	4.45350E+0	89.4345E-3
30.6000E-3	630.654E-12	4.47198E+0	108.391E-3	625.061E-12	4.49471E+0	108.566E-3
31.2000E-3	630.639E-12	4.54917E+0	130.295E-3	632.100E-12	4.55364E+0	119.637E-3
31.8000E-3	636.798E-12	4.63288E+0	137.189E-3	635.912E-12	4.61395E+0	116.397E-3
32.4000E-3	640.208E-12	4.68877E+0	104.122E-3	640.892E-12	4.64821E+0	96.8078E-3
33.0000E-3	640.828E-12	4.68322E+0	64.4543E-3	648.468E-12	4.63323E+0	71.0048E-3
33.6000E-3	661.804E-12	4.59536E+0	26.4455E-3	659.888E-12	4.56975E+0	60.7073E-3
34.2000E-3	670.155E-12	4.46032E+0	46.8503E-3	674.813E-12	4.48539E+0	86.1067E-3
34.8000E-3	692.972E-12	4.37253E+0	131.829E-3	692.360E-12	4.42253E+0	146.897E-3
35.4000E-3	710.561E-12	4.36183E+0	243.978E-3	709.619E-12	4.41291E+0	211.823E-3
36.0000E-3	729.730E-12	4.43413E+0	314.588E-3	725.620E-12	4.46666E+0	237.315E-3
36.6000E-3	739.186E-12	4.54490E+0	241.179E-3	738.662E-12	4.57880E+0	197.379E-3
37.2000E-3	750.259E-12	4.70550E+0	110.468E-3	748.368E-12	4.73387E+0	103.113E-3
37.8000E-3	759.700E-12	4.92595E+0	-32.4224E-3	755.494E-12	4.90201E+0	644.697E-6
38.4000E-3	757.313E-12	5.10419E+0	-133.712E-3	763.984E-12	5.04665E+0	-66.8775E-3
39.0000E-3	767.599E-12	5.18204E+0	-98.0677E-3	773.706E-12	5.14110E+0	-99.5082E-3
39.6000E-3	797.264E-12	5.20034E+0	-69.4604E-3	782.297E-12	5.17492E+0	-130.553E-3
40.2000E-3	789.141E-12	5.19769E+0	-161.712E-3	791.743E-12	5.15763E+0	-193.673E-3
40.8000E-3	783.222E-12	5.11333E+0	-296.269E-3	804.516E-12	5.11269E+0	-293.534E-3
41.4000E-3	829.309E-12	5.02766E+0	-421.919E-3	826.091E-12	5.07204E+0	-399.677E-3
42.0000E-3	849.714E-12	5.02340E+0	-517.452E-3	855.813E-12	5.07015E+0	-484.906E-3
42.6000E-3	895.033E-12	5.08257E+0	-546.769E-3	887.383E-12	5.12309E+0	-546.929E-3
43.2000E-3	918.067E-12	5.21771E+0	-587.449E-3	911.422E-12	5.22840E+0	-588.789E-3
43.8000E-3	939.450E-12	5.33943E+0	-648.994E-3	927.118E-12	5.38436E+0	-605.290E-3
44.4000E-3	930.427E-12	5.53616E+0	-625.268E-3	934.920E-12	5.58566E+0	-590.355E-3
45.0000E-3	937.835E-12	5.83971E+0	-540.489E-3	940.877E-12	5.79196E+0	-552.892E-3
45.6000E-3	948.229E-12	6.07165E+0	-479.786E-3	952.452E-12	5.93009E+0	-522.453E-3
46.2000E-3	957.135E-12	6.06414E+0	-492.052E-3	971.331E-12	5.93242E+0	-527.707E-3
46.8000E-3	1.00699E-9	5.84678E+0	-561.802E-3	995.711E-12	5.78893E+0	-566.123E-3
47.4000E-3	1.01684E-9	5.55364E+0	-641.118E-3	1.01950E-9	5.55406E+0	-607.477E-3
48.0000E-3	1.04948E-9	5.26444E+0	-662.247E-3	1.03840E-9	5.30735E+0	-615.550E-3
48.6000E-3	1.05211E-9	5.03856E+0	-612.201E-3	1.05143E-9	5.11269E+0	-576.323E-3
49.2000E-3	1.05630E-9	4.93223E+0	-495.327E-3	1.06054E-9	5.00344E+0	-509.445E-3
49.8000E-3	1.07803E-9	4.93400E+0	-403.573E-3	1.07179E-9	4.98250E+0	-437.140E-3
50.4000E-3	1.06391E-9	5.00869E+0	-401.618E-3	1.08623E-9	5.02589E+0	-360.296E-3
51.0000E-3	1.12393E-9	5.10923E+0	-305.341E-3	1.10310E-9	5.10489E+0	-265.165E-3
51.6000E-3	1.11437E-9	5.18439E+0	-137.659E-3	1.11175E-9	5.20367E+0	-154.005E-3
52.2000E-3	1.13069E-9	5.29935E+0	1.39426E-3	1.11430E-9	5.31978E+0	-59.4839E-3
52.8000E-3	1.08663E-9	5.44841E+0	40.5748E-3	1.11075E-9	5.45213E+0	-25.3077E-3
53.4000E-3	1.11857E-9	5.60017E+0	-25.4380E-3	1.11535E-9	5.60098E+0	-57.0093E-3
54.0000E-3	1.11396E-9	5.74002E+0	-148.296E-3	1.13002E-9	5.75387E+0	-123.618E-3
54.6000E-3	1.15501E-9	5.93347E+0	-214.564E-3	1.15587E-9	5.88507E+0	-178.972E-3
55.2000E-3	1.18845E-9	6.04212E+0	-236.046E-3	1.18001E-9	5.96558E+0	-192.654E-3
55.8000E-3	1.21524E-9	6.01304E+0	-179.867E-3	1.19956E-9	5.98838E+0	-166.975E-3
56.4000E-3	1.20149E-9	5.95059E+0	-99.7442E-3	1.21590E-9	5.97285E+0	-128.278E-3
57.0000E-3	1.22097E-9	5.94254E+0	-80.4466E-3	1.23069E-9	5.94196E+0	-98.0743E-3
57.6000E-3	1.27317E-9	5.94320E+0	-90.1149E-3	1.24855E-9	5.88413E+0	-89.6346E-3
58.2000E-3	1.24445E-9	5.84842E+0	-77.5128E-3	1.26792E-9	5.76247E+0	-109.016E-3
58.8000E-3	1.29580E-9	5.60904E+0	-123.332E-3	1.28531E-9	5.56554E+0	-152.425E-3
59.4000E-3	1.30852E-9	5.29099E+0	-232.930E-3	1.29734E-9	5.31855E+0	-212.207E-3
60.0000E-3	1.30632E-9	5.05197E+0	-281.974E-3	1.30632E-9	5.05197E+0	-281.974E-3
