Experiment	bias spectroscopy	
Date	16.08.2023 16:42:38	
User		
X (m)	-645.48E-9	
Y (m)	644.989E-9	
Z (m)	-127.019E-9	
Z offset (m)	0E+0	
Settling time (s)	100E-6	
Integration time (s)	25E-3	
Z-Ctrl hold	TRUE	
Final Z (m)	N/A	
Filter type	Gaussian	
Order	2	
Cutoff frq		

[DATA]
Bias calc (V)	Current (A)	Lock In X (V)	Lock In Y (V)	Current (A) [filt]	Lock In X (V) [filt]	Lock In Y (V) [filt]
-60.0000E-3	-475.049E-12	5.12075E+0	-42.1508E-3	-475.049E-12	5.12075E+0	-42.1508E-3
-59.4000E-3	-487.289E-12	5.18518E+0	15.3978E-3	-476.163E-12	5.14480E+0	23.8097E-3
-58.8000E-3	-478.777E-12	5.18868E+0	89.1837E-3	-473.229E-12	5.12097E+0	94.0163E-3
-58.2000E-3	-456.098E-12	5.08156E+0	171.426E-3	-466.226E-12	5.02720E+0	165.474E-3
-57.6000E-3	-462.824E-12	4.88457E+0	245.878E-3	-459.043E-12	4.88217E+0	227.304E-3
-57.0000E-3	-453.326E-12	4.68153E+0	290.659E-3	-450.019E-12	4.73434E+0	266.543E-3
-56.4000E-3	-447.371E-12	4.57178E+0	299.107E-3	-438.176E-12	4.62773E+0	271.494E-3
-55.8000E-3	-413.450E-12	4.55679E+0	270.911E-3	-423.528E-12	4.57491E+0	241.593E-3
-55.2000E-3	-408.809E-12	4.55924E+0	182.709E-3	-411.641E-12	4.56049E+0	185.317E-3
-54.6000E-3	-401.811E-12	4.55731E+0	115.729E-3	-405.048E-12	4.56108E+0	113.058E-3
-54.0000E-3	-400.589E-12	4.56711E+0	44.7315E-3	-402.826E-12	4.56080E+0	33.6491E-3
-53.4000E-3	-406.920E-12	4.56670E+0	-54.8552E-3	-401.314E-12	4.55393E+0	-40.8954E-3
-52.8000E-3	-396.407E-12	4.54007E+0	-131.935E-3	-396.841E-12	4.53477E+0	-99.2677E-3
-52.2000E-3	-397.498E-12	4.51725E+0	-148.115E-3	-390.085E-12	4.49515E+0	-132.139E-3
-51.6000E-3	-371.546E-12	4.45754E+0	-145.080E-3	-383.148E-12	4.43274E+0	-142.020E-3
-51.0000E-3	-378.965E-12	4.34808E+0	-139.035E-3	-374.029E-12	4.35923E+0	-141.007E-3
-50.4000E-3	-379.902E-12	4.25836E+0	-137.202E-3	-361.623E-12	4.29636E+0	-139.447E-3
-49.8000E-3	-329.967E-12	4.23698E+0	-138.691E-3	-348.661E-12	4.26284E+0	-132.367E-3
-49.2000E-3	-332.317E-12	4.25468E+0	-142.394E-3	-338.188E-12	4.25904E+0	-103.617E-3
-48.6000E-3	-337.632E-12	4.27461E+0	-77.0417E-3	-330.185E-12	4.26896E+0	-41.5119E-3
-48.0000E-3	-331.019E-12	4.28531E+0	53.3718E-3	-324.050E-12	4.27659E+0	45.3444E-3
-47.4000E-3	-303.883E-12	4.28119E+0	164.947E-3	-315.271E-12	4.27797E+0	133.148E-3
-46.8000E-3	-310.782E-12	4.26922E+0	217.156E-3	-304.820E-12	4.28204E+0	197.360E-3
-46.2000E-3	-300.030E-12	4.27549E+0	247.945E-3	-293.795E-12	4.29993E+0	227.486E-3
-45.6000E-3	-274.539E-12	4.32928E+0	249.067E-3	-283.362E-12	4.33327E+0	227.454E-3
-45.0000E-3	-271.566E-12	4.38798E+0	210.592E-3	-273.528E-12	4.37161E+0	207.297E-3
-44.4000E-3	-269.611E-12	4.41461E+0	171.322E-3	-264.360E-12	4.40164E+0	177.990E-3
-43.8000E-3	-258.513E-12	4.42177E+0	145.430E-3	-254.846E-12	4.41521E+0	151.903E-3
-43.2000E-3	-237.027E-12	4.42501E+0	124.950E-3	-243.702E-12	4.40885E+0	136.548E-3
-42.6000E-3	-234.625E-12	4.40513E+0	126.763E-3	-233.340E-12	4.38034E+0	129.935E-3
-42.0000E-3	-223.800E-12	4.33965E+0	135.215E-3	-224.380E-12	4.32987E+0	125.036E-3
-41.4000E-3	-217.062E-12	4.26306E+0	122.438E-3	-218.177E-12	4.26555E+0	116.661E-3
-40.8000E-3	-207.117E-12	4.19024E+0	99.3010E-3	-212.879E-12	4.20195E+0	105.514E-3
-40.2000E-3	-216.274E-12	4.13528E+0	88.3236E-3	-207.484E-12	4.15413E+0	97.6773E-3
-39.6000E-3	-201.575E-12	4.10782E+0	93.2629E-3	-200.800E-12	4.13052E+0	98.8460E-3
-39.0000E-3	-187.302E-12	4.11802E+0	104.250E-3	-193.009E-12	4.13005E+0	106.726E-3
-38.4000E-3	-188.195E-12	4.14890E+0	124.403E-3	-184.557E-12	4.14045E+0	113.079E-3
-37.8000E-3	-177.316E-12	4.16466E+0	122.936E-3	-176.246E-12	4.14225E+0	111.242E-3
-37.2000E-3	-167.172E-12	4.14630E+0	99.9316E-3	-167.973E-12	4.11855E+0	103.973E-3
-36.6000E-3	-156.194E-12	4.08287E+0	82.5293E-3	-159.253E-12	4.06716E+0	100.795E-3
-36.0000E-3	-155.083E-12	3.99072E+0	99.7823E-3	-151.039E-12	4.00103E+0	107.842E-3
-35.4000E-3	-141.568E-12	3.92119E+0	132.274E-3	-143.357E-12	3.93535E+0	120.538E-3
-34.8000E-3	-133.048E-12	3.87952E+0	139.530E-3	-136.374E-12	3.87635E+0	129.737E-3
-34.2000E-3	-132.384E-12	3.82732E+0	130.380E-3	-129.128E-12	3.82044E+0	130.710E-3
-33.6000E-3	-124.156E-12	3.76222E+0	126.340E-3	-121.194E-12	3.76133E+0	125.262E-3
-33.0000E-3	-110.062E-12	3.69918E+0	120.622E-3	-112.895E-12	3.69571E+0	116.971E-3
-32.4000E-3	-101.161E-12	3.63258E+0	107.051E-3	-104.873E-12	3.62286E+0	106.898E-3
-31.8000E-3	-102.103E-12	3.54750E+0	94.8028E-3	-97.9210E-12	3.54226E+0	96.3010E-3
-31.2000E-3	-90.5587E-12	3.45504E+0	83.5931E-3	-91.2338E-12	3.45461E+0	88.9198E-3
-30.6000E-3	-83.1379E-12	3.36454E+0	80.1971E-3	-84.6477E-12	3.36185E+0	88.1313E-3
-30.0000E-3	-77.2696E-12	3.26951E+0	91.2800E-3	-78.1507E-12	3.26537E+0	93.1620E-3
-29.4000E-3	-74.4018E-12	3.16707E+0	105.969E-3	-72.6615E-12	3.16499E+0	99.3179E-3
-28.8000E-3	-65.5167E-12	3.06261E+0	108.181E-3	-67.5355E-12	3.06008E+0	101.591E-3
-28.2000E-3	-62.8249E-12	2.95529E+0	98.6124E-3	-62.5926E-12	2.95127E+0	98.9643E-3
-27.6000E-3	-58.7255E-12	2.83916E+0	91.0274E-3	-57.6481E-12	2.84022E+0	94.4358E-3
-27.0000E-3	-52.1484E-12	2.72623E+0	90.2072E-3	-53.1002E-12	2.72799E+0	91.0437E-3
-26.4000E-3	-47.5344E-12	2.61845E+0	90.0653E-3	-48.9030E-12	2.61449E+0	88.3160E-3
-25.8000E-3	-45.8365E-12	2.50208E+0	87.8546E-3	-45.1966E-12	2.49948E+0	84.1868E-3
-25.2000E-3	-42.4220E-12	2.38050E+0	77.8224E-3	-41.7014E-12	2.38354E+0	78.1572E-3
-24.6000E-3	-37.4298E-12	2.26568E+0	69.2251E-3	-38.1692E-12	2.26846E+0	71.9948E-3
-24.0000E-3	-34.1983E-12	2.15544E+0	65.5391E-3	-34.5370E-12	2.15570E+0	67.8938E-3
-23.4000E-3	-31.9153E-12	2.04447E+0	64.9937E-3	-31.1251E-12	2.04416E+0	66.9653E-3
-22.8000E-3	-26.9983E-12	1.93425E+0	67.6876E-3	-28.0079E-12	1.93097E+0	68.8021E-3
-22.2000E-3	-24.9025E-12	1.81888E+0	71.5556E-3	-25.1219E-12	1.81394E+0	72.2135E-3
-21.6000E-3	-22.8641E-12	1.69456E+0	77.3279E-3	-22.3974E-12	1.69312E+0	74.8740E-3
-21.0000E-3	-19.7320E-12	1.56803E+0	79.9758E-3	-19.9111E-12	1.57080E+0	74.8556E-3
-20.4000E-3	-16.8672E-12	1.44669E+0	71.6141E-3	-17.5876E-12	1.45056E+0	72.1342E-3
-19.8000E-3	-15.5993E-12	1.33100E+0	65.8659E-3	-15.5481E-12	1.33559E+0	68.4545E-3
-19.2000E-3	-13.9388E-12	1.22151E+0	65.0238E-3	-13.6862E-12	1.22806E+0	65.9104E-3
-18.6000E-3	-11.8396E-12	1.12192E+0	64.5433E-3	-11.8913E-12	1.12954E+0	65.1493E-3
-18.0000E-3	-9.67752E-12	1.03403E+0	65.6049E-3	-10.1093E-12	1.04156E+0	65.1929E-3
-17.4000E-3	-8.67608E-12	956.302E-3	65.3808E-3	-8.44165E-12	965.702E-3	65.5304E-3
-16.8000E-3	-6.82462E-12	892.427E-3	65.2194E-3	-6.80114E-12	903.477E-3	66.2003E-3
-16.2000E-3	-5.21332E-12	845.512E-3	67.4249E-3	-5.07677E-12	856.074E-3	67.0329E-3
-15.6000E-3	-3.25306E-12	813.842E-3	68.6046E-3	-3.20233E-12	824.066E-3	67.6714E-3
-15.0000E-3	-1.26684E-12	797.003E-3	68.1311E-3	-1.27781E-12	807.095E-3	67.8524E-3
-14.4000E-3	717.725E-15	795.383E-3	67.1350E-3	822.551E-15	804.437E-3	67.5122E-3
-13.8000E-3	2.58496E-12	806.624E-3	67.4488E-3	3.07767E-12	816.152E-3	66.9869E-3
-13.2000E-3	5.87534E-12	830.750E-3	66.2695E-3	5.57452E-12	843.588E-3	66.6978E-3
-12.6000E-3	7.83480E-12	874.261E-3	65.7920E-3	8.32333E-12	889.134E-3	67.0134E-3
-12.0000E-3	11.1575E-12	940.010E-3	67.7527E-3	11.7179E-12	955.359E-3	67.7251E-3
-11.4000E-3	14.5721E-12	1.02797E+0	69.9076E-3	15.7863E-12	1.04528E+0	68.5240E-3
-10.8000E-3	21.2624E-12	1.13966E+0	68.5778E-3	20.5713E-12	1.16381E+0	69.1995E-3
-10.2000E-3	25.2445E-12	1.28637E+0	69.0138E-3	26.0041E-12	1.31737E+0	69.9618E-3
-9.60000E-3	30.9140E-12	1.48135E+0	71.2298E-3	31.8871E-12	1.51055E+0	71.1695E-3
-9.00000E-3	39.1448E-12	1.72011E+0	72.8382E-3	37.9280E-12	1.74235E+0	72.3094E-3
-8.40000E-3	43.8549E-12	1.99176E+0	74.6286E-3	44.6932E-12	2.00547E+0	73.0973E-3
-7.80000E-3	49.6056E-12	2.28332E+0	71.5432E-3	52.6058E-12	2.28997E+0	74.6894E-3
-7.20000E-3	62.0973E-12	2.58276E+0	74.6414E-3	61.4339E-12	2.58978E+0	78.4809E-3
-6.60000E-3	72.6546E-12	2.88944E+0	85.3230E-3	70.9808E-12	2.90428E+0	84.1367E-3
-6.00000E-3	78.4959E-12	3.22130E+0	92.9722E-3	81.3280E-12	3.23448E+0	90.1633E-3
-5.40000E-3	90.7034E-12	3.57512E+0	94.9026E-3	91.9199E-12	3.57947E+0	94.1968E-3
-4.80000E-3	106.771E-12	3.93136E+0	98.2632E-3	102.683E-12	3.93614E+0	93.4670E-3
-4.20000E-3	111.471E-12	4.29467E+0	95.1355E-3	113.854E-12	4.29677E+0	84.9374E-3
-3.60000E-3	122.519E-12	4.66921E+0	74.3525E-3	126.201E-12	4.64995E+0	69.1706E-3
-3.00000E-3	140.138E-12	5.00921E+0	41.4484E-3	138.898E-12	4.98384E+0	51.3177E-3
-2.40000E-3	157.320E-12	5.30780E+0	29.7122E-3	152.558E-12	5.28928E+0	37.5246E-3
-1.80000E-3	158.632E-12	5.58425E+0	31.3013E-3	165.919E-12	5.55747E+0	31.0150E-3
-1.20000E-3	183.088E-12	5.82743E+0	26.8009E-3	179.030E-12	5.77916E+0	28.9825E-3
-600.000E-6	193.362E-12	5.99000E+0	31.4829E-3	192.240E-12	5.94583E+0	25.6634E-3
-6.93889E-18	202.547E-12	6.08558E+0	23.9804E-3	206.313E-12	6.05828E+0	20.1579E-3
600.000E-6	220.357E-12	6.14214E+0	5.36081E-3	222.110E-12	6.13338E+0	19.0087E-3
1.20000E-3	237.461E-12	6.18189E+0	10.4744E-3	237.445E-12	6.19927E+0	26.7941E-3
1.80000E-3	264.538E-12	6.25143E+0	51.1755E-3	251.558E-12	6.27372E+0	41.3586E-3
2.40000E-3	251.123E-12	6.37078E+0	67.7281E-3	263.534E-12	6.35072E+0	56.5394E-3
3.00000E-3	278.238E-12	6.45486E+0	60.2290E-3	276.797E-12	6.40726E+0	71.4254E-3
3.60000E-3	290.089E-12	6.45475E+0	75.7347E-3	288.209E-12	6.42449E+0	87.8810E-3
4.20000E-3	311.355E-12	6.41041E+0	120.815E-3	299.351E-12	6.40027E+0	99.2435E-3
4.80000E-3	292.297E-12	6.36142E+0	129.870E-3	308.806E-12	6.34151E+0	89.7186E-3
5.40000E-3	322.379E-12	6.28503E+0	64.5540E-3	319.216E-12	6.24627E+0	55.4898E-3
6.00000E-3	338.270E-12	6.14788E+0	-17.9964E-3	329.386E-12	6.10075E+0	13.7628E-3
6.60000E-3	335.129E-12	5.94128E+0	-36.3665E-3	338.898E-12	5.89591E+0	-9.36669E-3
7.20000E-3	345.003E-12	5.65947E+0	-17.4144E-3	344.405E-12	5.64316E+0	6.04488E-3
7.80000E-3	354.071E-12	5.35062E+0	25.4118E-3	348.131E-12	5.37414E+0	61.8120E-3
8.40000E-3	348.086E-12	5.08229E+0	142.640E-3	351.727E-12	5.12083E+0	147.143E-3
9.00000E-3	351.703E-12	4.88472E+0	255.546E-3	356.408E-12	4.89974E+0	240.546E-3
9.60000E-3	363.438E-12	4.70037E+0	352.155E-3	362.256E-12	4.70495E+0	310.987E-3
10.2000E-3	374.275E-12	4.52527E+0	385.899E-3	367.761E-12	4.52056E+0	331.990E-3
10.8000E-3	370.108E-12	4.33985E+0	326.204E-3	374.779E-12	4.33693E+0	303.558E-3
11.4000E-3	370.300E-12	4.14550E+0	231.457E-3	385.046E-12	4.15744E+0	251.570E-3
12.0000E-3	409.367E-12	3.97209E+0	171.722E-3	397.479E-12	3.98773E+0	209.329E-3
12.6000E-3	416.037E-12	3.82834E+0	182.951E-3	409.804E-12	3.82870E+0	190.709E-3
13.2000E-3	410.788E-12	3.68159E+0	203.676E-3	420.873E-12	3.67969E+0	176.116E-3
13.8000E-3	431.212E-12	3.52075E+0	183.793E-3	432.673E-12	3.55028E+0	132.603E-3
14.4000E-3	448.147E-12	3.40389E+0	74.8711E-3	446.122E-12	3.46543E+0	50.3184E-3
15.0000E-3	466.856E-12	3.38441E+0	-85.1399E-3	459.472E-12	3.44439E+0	-44.8870E-3
15.6000E-3	463.620E-12	3.47100E+0	-165.582E-3	472.046E-12	3.48140E+0	-111.275E-3
16.2000E-3	482.854E-12	3.56048E+0	-162.166E-3	482.416E-12	3.54973E+0	-125.238E-3
16.8000E-3	506.957E-12	3.62506E+0	-97.3888E-3	490.888E-12	3.62604E+0	-97.2248E-3
17.4000E-3	484.621E-12	3.69301E+0	-38.5082E-3	497.842E-12	3.69937E+0	-60.0558E-3
18.0000E-3	504.749E-12	3.78074E+0	-15.2456E-3	503.372E-12	3.77092E+0	-34.1169E-3
18.6000E-3	514.849E-12	3.84060E+0	-32.3482E-3	507.487E-12	3.83868E+0	-8.24353E-3
19.2000E-3	511.448E-12	3.90749E+0	-16.5905E-3	510.763E-12	3.89356E+0	51.2642E-3
19.8000E-3	507.753E-12	3.95616E+0	120.038E-3	514.352E-12	3.92149E+0	167.486E-3
20.4000E-3	512.640E-12	3.94811E+0	333.635E-3	520.856E-12	3.92367E+0	327.533E-3
21.0000E-3	541.567E-12	3.88140E+0	534.248E-3	531.406E-12	3.92214E+0	488.961E-3
21.6000E-3	536.494E-12	3.89407E+0	656.720E-3	543.283E-12	3.94601E+0	608.856E-3
22.2000E-3	556.393E-12	4.00326E+0	708.463E-3	555.885E-12	4.00195E+0	668.856E-3
22.8000E-3	568.255E-12	4.10066E+0	701.049E-3	565.951E-12	4.06622E+0	680.536E-3
23.4000E-3	583.685E-12	4.13830E+0	653.344E-3	575.787E-12	4.11085E+0	659.209E-3
24.0000E-3	571.831E-12	4.12541E+0	647.032E-3	584.956E-12	4.14331E+0	603.849E-3
24.6000E-3	598.035E-12	4.13454E+0	563.105E-3	593.764E-12	4.20308E+0	503.601E-3
25.2000E-3	612.337E-12	4.26382E+0	370.738E-3	604.030E-12	4.30189E+0	363.032E-3
25.8000E-3	599.341E-12	4.49006E+0	169.737E-3	616.916E-12	4.38991E+0	212.168E-3
26.4000E-3	636.268E-12	4.53779E+0	43.7386E-3	624.959E-12	4.39495E+0	97.1677E-3
27.0000E-3	652.294E-12	4.32691E+0	-2.55536E-3	629.569E-12	4.30301E+0	39.4700E-3
27.6000E-3	603.208E-12	4.08047E+0	26.3179E-3	636.725E-12	4.17374E+0	34.6684E-3
28.2000E-3	639.645E-12	4.02509E+0	42.2462E-3	648.217E-12	4.09000E+0	82.7848E-3
28.8000E-3	689.150E-12	4.05363E+0	111.058E-3	662.171E-12	4.10079E+0	191.841E-3
29.4000E-3	676.070E-12	4.12666E+0	338.006E-3	675.109E-12	4.20875E+0	345.645E-3
30.0000E-3	666.063E-12	4.35477E+0	584.212E-3	680.807E-12	4.37322E+0	488.564E-3
30.6000E-3	697.383E-12	4.63480E+0	661.380E-3	687.750E-12	4.52048E+0	554.176E-3
31.2000E-3	687.477E-12	4.71116E+0	558.952E-3	700.218E-12	4.56620E+0	521.492E-3
31.8000E-3	719.731E-12	4.55068E+0	405.235E-3	718.977E-12	4.48863E+0	430.163E-3
32.4000E-3	733.699E-12	4.27118E+0	306.918E-3	736.278E-12	4.35813E+0	326.078E-3
33.0000E-3	774.046E-12	4.16303E+0	254.969E-3	750.426E-12	4.27332E+0	228.848E-3
33.6000E-3	747.167E-12	4.24681E+0	128.247E-3	756.453E-12	4.26891E+0	142.530E-3
34.2000E-3	759.228E-12	4.35640E+0	29.1569E-3	760.579E-12	4.30720E+0	74.3015E-3
34.8000E-3	761.330E-12	4.36564E+0	18.9483E-3	762.811E-12	4.33886E+0	24.2454E-3
35.4000E-3	777.593E-12	4.32173E+0	19.3310E-3	768.584E-12	4.35905E+0	-15.9181E-3
36.0000E-3	758.776E-12	4.35724E+0	-65.3504E-3	774.750E-12	4.40237E+0	-50.3447E-3
36.6000E-3	789.572E-12	4.45307E+0	-125.974E-3	788.963E-12	4.49960E+0	-53.6507E-3
37.2000E-3	794.192E-12	4.62519E+0	-66.2439E-3	804.043E-12	4.65413E+0	14.6673E-3
37.8000E-3	851.517E-12	4.83950E+0	121.391E-3	817.935E-12	4.84937E+0	161.859E-3
38.4000E-3	806.223E-12	5.06290E+0	386.428E-3	828.328E-12	5.06637E+0	333.602E-3
39.0000E-3	830.072E-12	5.29502E+0	567.176E-3	840.234E-12	5.28815E+0	448.883E-3
39.6000E-3	869.772E-12	5.51322E+0	544.623E-3	850.636E-12	5.51007E+0	460.302E-3
40.2000E-3	866.050E-12	5.71855E+0	384.354E-3	861.559E-12	5.72734E+0	390.246E-3
40.8000E-3	853.937E-12	5.96264E+0	239.497E-3	866.625E-12	5.91571E+0	320.976E-3
41.4000E-3	879.588E-12	6.13876E+0	221.650E-3	869.888E-12	6.02792E+0	311.347E-3
42.0000E-3	871.743E-12	6.13583E+0	394.917E-3	872.533E-12	6.02469E+0	347.632E-3
42.6000E-3	877.205E-12	5.94576E+0	457.346E-3	881.394E-12	5.92142E+0	373.339E-3
43.2000E-3	868.450E-12	5.71020E+0	361.672E-3	894.014E-12	5.79607E+0	354.407E-3
43.8000E-3	942.423E-12	5.63115E+0	275.690E-3	914.109E-12	5.73090E+0	302.201E-3
44.4000E-3	918.876E-12	5.72197E+0	242.867E-3	932.383E-12	5.75347E+0	250.917E-3
45.0000E-3	960.620E-12	5.84989E+0	218.825E-3	943.622E-12	5.81152E+0	216.683E-3
45.6000E-3	951.996E-12	5.93716E+0	177.538E-3	946.133E-12	5.82668E+0	194.619E-3
46.2000E-3	933.275E-12	5.81120E+0	179.291E-3	947.206E-12	5.77008E+0	177.347E-3
46.8000E-3	953.999E-12	5.61471E+0	174.007E-3	954.054E-12	5.69352E+0	166.624E-3
47.4000E-3	947.139E-12	5.55373E+0	137.249E-3	963.890E-12	5.68614E+0	171.165E-3
48.0000E-3	1.01489E-9	5.71095E+0	171.015E-3	970.296E-12	5.80011E+0	201.947E-3
48.6000E-3	953.010E-12	6.01972E+0	249.534E-3	973.759E-12	5.98434E+0	257.189E-3
49.2000E-3	950.985E-12	6.28452E+0	350.190E-3	977.729E-12	6.10729E+0	302.768E-3
49.8000E-3	1.01792E-9	6.26204E+0	383.485E-3	976.992E-12	6.05266E+0	288.976E-3
50.4000E-3	980.516E-12	5.87961E+0	247.438E-3	979.072E-12	5.79199E+0	190.407E-3
51.0000E-3	937.320E-12	5.39192E+0	29.8675E-3	983.250E-12	5.38859E+0	32.9576E-3
51.6000E-3	1.00939E-9	4.91316E+0	-193.286E-3	997.393E-12	4.95721E+0	-115.678E-3
52.2000E-3	1.02389E-9	4.47310E+0	-284.266E-3	1.01958E-9	4.63008E+0	-196.292E-3
52.8000E-3	1.05275E-9	4.25909E+0	-219.051E-3	1.04145E-9	4.51285E+0	-204.918E-3
53.4000E-3	1.04147E-9	4.48110E+0	-141.492E-3	1.05845E-9	4.61471E+0	-181.952E-3
54.0000E-3	1.07991E-9	4.95369E+0	-144.427E-3	1.07320E-9	4.82696E+0	-164.666E-3
54.6000E-3	1.10579E-9	5.15475E+0	-190.524E-3	1.08574E-9	4.98537E+0	-155.920E-3
55.2000E-3	1.07359E-9	5.08861E+0	-159.618E-3	1.09891E-9	4.99961E+0	-139.907E-3
55.8000E-3	1.11360E-9	4.87773E+0	-92.7896E-3	1.10921E-9	4.92718E+0	-132.326E-3
56.4000E-3	1.14109E-9	4.73323E+0	-74.4007E-3	1.11672E-9	4.91342E+0	-167.560E-3
57.0000E-3	1.10860E-9	4.90285E+0	-246.451E-3	1.12237E-9	5.04741E+0	-252.502E-3
57.6000E-3	1.11742E-9	5.32592E+0	-420.012E-3	1.12120E-9	5.29939E+0	-349.538E-3
58.2000E-3	1.13944E-9	5.68554E+0	-451.081E-3	1.11312E-9	5.55118E+0	-405.005E-3
58.8000E-3	1.09962E-9	5.81541E+0	-436.370E-3	1.10847E-9	5.69346E+0	-397.486E-3
59.4000E-3	1.06553E-9	5.75176E+0	-340.144E-3	1.12019E-9	5.70011E+0	-346.341E-3
60.0000E-3	1.14890E-9	5.62280E+0	-277.192E-3	1.14890E-9	5.62280E+0	-277.192E-3
