Experiment	bias spectroscopy	
Date	16.08.2023 16:49:55	
User		
X (m)	-639.498E-9	
Y (m)	648.228E-9	
Z (m)	-127.065E-9	
Z offset (m)	0E+0	
Settling time (s)	100E-6	
Integration time (s)	25E-3	
Z-Ctrl hold	TRUE	
Final Z (m)	N/A	
Filter type	Gaussian	
Order	2	
Cutoff frq		

[DATA]
Bias calc (V)	Current (A)	Lock In X (V)	Lock In Y (V)	Current (A) [filt]	Lock In X (V) [filt]	Lock In Y (V) [filt]
-60.0000E-3	-507.693E-12	4.92789E+0	-53.4861E-3	-507.693E-12	4.92789E+0	-53.4861E-3
-59.4000E-3	-490.680E-12	4.95349E+0	-10.5422E-3	-493.635E-12	4.94224E+0	-18.0188E-3
-58.8000E-3	-476.204E-12	4.96348E+0	18.6697E-3	-483.353E-12	4.94266E+0	16.0298E-3
-58.2000E-3	-477.733E-12	4.93706E+0	37.4839E-3	-475.380E-12	4.92766E+0	48.2459E-3
-57.6000E-3	-474.832E-12	4.88979E+0	89.2045E-3	-469.243E-12	4.90331E+0	73.9688E-3
-57.0000E-3	-453.095E-12	4.88058E+0	112.191E-3	-462.582E-12	4.87471E+0	83.0630E-3
-56.4000E-3	-463.305E-12	4.85657E+0	84.1740E-3	-453.215E-12	4.84328E+0	68.7941E-3
-55.8000E-3	-445.753E-12	4.80284E+0	34.1096E-3	-442.156E-12	4.81232E+0	31.2489E-3
-55.2000E-3	-420.220E-12	4.76723E+0	-11.8683E-3	-431.348E-12	4.78898E+0	-19.2234E-3
-54.6000E-3	-423.104E-12	4.77158E+0	-78.2331E-3	-420.696E-12	4.78260E+0	-69.2119E-3
-54.0000E-3	-416.597E-12	4.78795E+0	-130.596E-3	-410.340E-12	4.79083E+0	-105.631E-3
-53.4000E-3	-398.781E-12	4.81355E+0	-139.458E-3	-400.294E-12	4.79687E+0	-119.151E-3
-52.8000E-3	-380.898E-12	4.81488E+0	-117.919E-3	-388.788E-12	4.78302E+0	-109.471E-3
-52.2000E-3	-388.145E-12	4.75760E+0	-83.2453E-3	-376.708E-12	4.74489E+0	-88.5259E-3
-51.6000E-3	-362.629E-12	4.68062E+0	-57.4233E-3	-364.583E-12	4.69200E+0	-72.3428E-3
-51.0000E-3	-344.477E-12	4.62954E+0	-55.5675E-3	-354.547E-12	4.63382E+0	-70.0979E-3
-50.4000E-3	-346.263E-12	4.59339E+0	-79.7543E-3	-345.447E-12	4.56885E+0	-79.7805E-3
-49.8000E-3	-348.749E-12	4.50815E+0	-102.837E-3	-338.314E-12	4.48849E+0	-90.6706E-3
-49.2000E-3	-321.106E-12	4.39037E+0	-104.656E-3	-331.044E-12	4.39443E+0	-92.9723E-3
-48.6000E-3	-323.382E-12	4.27962E+0	-86.2033E-3	-323.805E-12	4.30327E+0	-84.8225E-3
-48.0000E-3	-321.577E-12	4.20886E+0	-67.8762E-3	-315.624E-12	4.23339E+0	-70.2285E-3
-47.4000E-3	-310.439E-12	4.17818E+0	-56.9418E-3	-307.545E-12	4.19152E+0	-53.8272E-3
-46.8000E-3	-288.509E-12	4.16207E+0	-36.5048E-3	-298.596E-12	4.17490E+0	-38.0919E-3
-46.2000E-3	-294.434E-12	4.16536E+0	-19.9145E-3	-289.873E-12	4.17603E+0	-24.2779E-3
-45.6000E-3	-286.778E-12	4.18910E+0	-11.1983E-3	-281.668E-12	4.18341E+0	-11.9309E-3
-45.0000E-3	-266.346E-12	4.20480E+0	-5.28015E-3	-274.294E-12	4.18430E+0	3.49430E-3
-44.4000E-3	-266.353E-12	4.18226E+0	13.4736E-3	-267.560E-12	4.17543E+0	27.8510E-3
-43.8000E-3	-266.139E-12	4.14169E+0	60.7327E-3	-260.430E-12	4.16949E+0	58.1084E-3
-43.2000E-3	-257.201E-12	4.15249E+0	106.510E-3	-252.340E-12	4.18265E+0	81.9880E-3
-42.6000E-3	-233.294E-12	4.21868E+0	106.389E-3	-242.765E-12	4.21562E+0	87.9836E-3
-42.0000E-3	-236.223E-12	4.27546E+0	77.1842E-3	-232.943E-12	4.25050E+0	75.7740E-3
-41.4000E-3	-228.424E-12	4.28823E+0	48.8446E-3	-222.268E-12	4.26728E+0	57.0222E-3
-40.8000E-3	-208.590E-12	4.26813E+0	33.4020E-3	-212.316E-12	4.25906E+0	45.2494E-3
-40.2000E-3	-193.926E-12	4.23980E+0	37.2056E-3	-203.081E-12	4.23010E+0	46.4855E-3
-39.6000E-3	-203.368E-12	4.19701E+0	54.9366E-3	-195.038E-12	4.18694E+0	58.7203E-3
-39.0000E-3	-190.353E-12	4.13518E+0	79.1583E-3	-187.185E-12	4.13475E+0	75.7027E-3
-38.4000E-3	-171.113E-12	4.07606E+0	96.6034E-3	-179.019E-12	4.07796E+0	91.3790E-3
-37.8000E-3	-171.601E-12	4.02096E+0	104.522E-3	-170.780E-12	4.02126E+0	105.220E-3
-37.2000E-3	-167.867E-12	3.96363E+0	111.667E-3	-163.481E-12	3.96791E+0	120.845E-3
-36.6000E-3	-154.433E-12	3.91413E+0	137.773E-3	-156.168E-12	3.91887E+0	139.832E-3
-36.0000E-3	-145.892E-12	3.87295E+0	168.757E-3	-147.838E-12	3.87333E+0	158.674E-3
-35.4000E-3	-142.436E-12	3.83216E+0	179.130E-3	-139.383E-12	3.82809E+0	171.258E-3
-34.8000E-3	-130.573E-12	3.78488E+0	179.217E-3	-131.610E-12	3.77798E+0	174.398E-3
-34.2000E-3	-120.902E-12	3.72753E+0	171.788E-3	-124.803E-12	3.71903E+0	169.891E-3
-33.6000E-3	-119.894E-12	3.65637E+0	162.450E-3	-118.626E-12	3.65182E+0	160.818E-3
-33.0000E-3	-115.951E-12	3.57601E+0	151.505E-3	-112.569E-12	3.58116E+0	148.630E-3
-32.4000E-3	-104.082E-12	3.50664E+0	134.478E-3	-105.834E-12	3.51267E+0	135.089E-3
-31.8000E-3	-97.5073E-12	3.44731E+0	118.359E-3	-98.7432E-12	3.44852E+0	122.057E-3
-31.2000E-3	-92.7498E-12	3.38963E+0	110.055E-3	-91.8763E-12	3.38543E+0	110.346E-3
-30.6000E-3	-86.2817E-12	3.32592E+0	101.773E-3	-85.5046E-12	3.31745E+0	99.4177E-3
-30.0000E-3	-77.2197E-12	3.24779E+0	88.1926E-3	-79.1691E-12	3.23959E+0	88.1978E-3
-29.4000E-3	-73.5902E-12	3.15926E+0	75.3174E-3	-73.1157E-12	3.14954E+0	76.6540E-3
-28.8000E-3	-67.6402E-12	3.05455E+0	64.8831E-3	-67.1799E-12	3.04837E+0	65.9767E-3
-28.2000E-3	-61.5634E-12	2.93986E+0	55.6594E-3	-61.4944E-12	2.93933E+0	57.8479E-3
-27.6000E-3	-54.2087E-12	2.82711E+0	48.8015E-3	-55.9182E-12	2.82464E+0	54.4374E-3
-27.0000E-3	-51.6244E-12	2.71166E+0	50.5854E-3	-50.6627E-12	2.70439E+0	57.5564E-3
-26.4000E-3	-45.9819E-12	2.58326E+0	64.8791E-3	-45.8281E-12	2.57673E+0	66.9705E-3
-25.8000E-3	-39.5501E-12	2.44578E+0	81.4344E-3	-41.6779E-12	2.44074E+0	79.7406E-3
-25.2000E-3	-38.0492E-12	2.30018E+0	94.8921E-3	-38.2080E-12	2.29914E+0	91.6301E-3
-24.6000E-3	-36.0862E-12	2.15200E+0	103.678E-3	-35.2502E-12	2.15746E+0	98.6809E-3
-24.0000E-3	-32.5161E-12	2.01322E+0	105.593E-3	-32.4539E-12	2.02077E+0	98.9635E-3
-23.4000E-3	-28.5404E-12	1.88718E+0	95.7316E-3	-29.5738E-12	1.89183E+0	93.1212E-3
-22.8000E-3	-27.2848E-12	1.76687E+0	81.8748E-3	-26.8937E-12	1.77123E+0	84.3708E-3
-22.2000E-3	-24.4873E-12	1.65188E+0	72.8743E-3	-24.4442E-12	1.65831E+0	76.4172E-3
-21.6000E-3	-21.8162E-12	1.54823E+0	70.2205E-3	-22.2055E-12	1.55204E+0	71.3764E-3
-21.0000E-3	-19.7804E-12	1.45011E+0	68.2978E-3	-19.9855E-12	1.45130E+0	68.8196E-3
-20.4000E-3	-18.4880E-12	1.35198E+0	67.3662E-3	-17.8520E-12	1.35518E+0	67.5389E-3
-19.8000E-3	-15.3353E-12	1.25906E+0	66.2941E-3	-15.7226E-12	1.26370E+0	66.8457E-3
-19.2000E-3	-13.4044E-12	1.17330E+0	66.3557E-3	-13.6742E-12	1.17799E+0	66.5394E-3
-18.6000E-3	-11.7710E-12	1.09442E+0	66.8284E-3	-11.7663E-12	1.09891E+0	65.8934E-3
-18.0000E-3	-10.1067E-12	1.02198E+0	66.1194E-3	-10.0268E-12	1.02675E+0	64.4933E-3
-17.4000E-3	-8.23003E-12	956.360E-3	61.4936E-3	-8.33036E-12	962.035E-3	62.0544E-3
-16.8000E-3	-6.54346E-12	898.915E-3	59.6172E-3	-6.62440E-12	905.828E-3	59.1216E-3
-16.2000E-3	-5.18470E-12	851.797E-3	55.3588E-3	-4.88900E-12	859.235E-3	56.6110E-3
-15.6000E-3	-3.01080E-12	815.874E-3	53.7204E-3	-3.11517E-12	822.997E-3	55.3982E-3
-15.0000E-3	-1.21780E-12	790.116E-3	54.8874E-3	-1.24853E-12	797.741E-3	55.1011E-3
-14.4000E-3	393.875E-15	775.082E-3	56.9044E-3	782.301E-15	784.815E-3	55.0813E-3
-13.8000E-3	2.85790E-12	773.992E-3	54.5291E-3	3.02881E-12	786.994E-3	54.2099E-3
-13.2000E-3	5.47143E-12	791.899E-3	53.0660E-3	5.70054E-12	808.098E-3	53.0879E-3
-12.6000E-3	8.14712E-12	834.044E-3	49.3824E-3	8.76113E-12	852.268E-3	52.7789E-3
-12.0000E-3	12.4685E-12	902.420E-3	54.1246E-3	12.2185E-12	923.298E-3	53.6898E-3
-11.4000E-3	15.4493E-12	1.00171E+0	56.8047E-3	16.2656E-12	1.02353E+0	56.1792E-3
-10.8000E-3	20.0654E-12	1.13439E+0	55.6560E-3	21.0533E-12	1.15437E+0	59.9375E-3
-10.2000E-3	26.5977E-12	1.29404E+0	66.7331E-3	26.5663E-12	1.31773E+0	64.4839E-3
-9.60000E-3	32.4500E-12	1.48815E+0	69.6341E-3	32.7587E-12	1.51555E+0	69.1432E-3
-9.00000E-3	38.9042E-12	1.72551E+0	73.8351E-3	39.4322E-12	1.74820E+0	72.4703E-3
-8.40000E-3	46.3239E-12	1.99561E+0	76.4655E-3	46.7103E-12	2.01406E+0	73.6206E-3
-7.80000E-3	53.8934E-12	2.29084E+0	72.0445E-3	54.6876E-12	2.30944E+0	74.0608E-3
-7.20000E-3	63.3397E-12	2.61510E+0	72.7566E-3	63.8222E-12	2.62928E+0	74.9760E-3
-6.60000E-3	72.0190E-12	2.96126E+0	77.4374E-3	74.0008E-12	2.96880E+0	77.6176E-3
-6.00000E-3	86.2984E-12	3.31520E+0	80.5150E-3	84.8932E-12	3.32376E+0	83.0985E-3
-5.40000E-3	96.0309E-12	3.68275E+0	87.8375E-3	96.0426E-12	3.69030E+0	90.9115E-3
-4.80000E-3	106.303E-12	4.06312E+0	102.415E-3	107.641E-12	4.06444E+0	99.5618E-3
-4.20000E-3	119.005E-12	4.44471E+0	110.397E-3	120.344E-12	4.44132E+0	107.336E-3
-3.60000E-3	133.144E-12	4.82027E+0	112.734E-3	134.603E-12	4.81513E+0	114.828E-3
-3.00000E-3	150.926E-12	5.18911E+0	117.504E-3	149.259E-12	5.18037E+0	125.936E-3
-2.40000E-3	165.330E-12	5.54568E+0	136.645E-3	164.201E-12	5.53250E+0	144.424E-3
-1.80000E-3	175.072E-12	5.88126E+0	169.674E-3	178.993E-12	5.86492E+0	166.947E-3
-1.20000E-3	197.278E-12	6.19755E+0	200.794E-3	193.622E-12	6.16811E+0	185.529E-3
-600.000E-6	207.931E-12	6.46796E+0	201.472E-3	207.866E-12	6.43098E+0	193.932E-3
-6.93889E-18	220.952E-12	6.68300E+0	192.729E-3	222.278E-12	6.64705E+0	192.610E-3
600.000E-6	235.198E-12	6.84087E+0	185.710E-3	235.405E-12	6.81504E+0	184.292E-3
1.20000E-3	253.909E-12	6.96765E+0	179.952E-3	248.778E-12	6.93209E+0	169.902E-3
1.80000E-3	254.863E-12	7.04834E+0	154.589E-3	261.688E-12	6.98993E+0	147.683E-3
2.40000E-3	278.526E-12	7.03154E+0	118.710E-3	274.506E-12	6.98343E+0	121.002E-3
3.00000E-3	287.553E-12	6.93928E+0	83.9037E-3	287.123E-12	6.91967E+0	97.5075E-3
3.60000E-3	298.139E-12	6.82449E+0	75.7132E-3	301.042E-12	6.81547E+0	84.8330E-3
4.20000E-3	313.089E-12	6.70236E+0	78.6570E-3	314.348E-12	6.68679E+0	82.3813E-3
4.80000E-3	334.497E-12	6.55225E+0	90.7879E-3	327.184E-12	6.54108E+0	82.8551E-3
5.40000E-3	336.225E-12	6.38532E+0	87.3020E-3	339.565E-12	6.37782E+0	75.6857E-3
6.00000E-3	347.045E-12	6.21566E+0	67.9062E-3	351.254E-12	6.19855E+0	61.9005E-3
6.60000E-3	370.013E-12	6.00690E+0	25.6357E-3	362.455E-12	6.01948E+0	54.8376E-3
7.20000E-3	371.552E-12	5.80864E+0	39.6857E-3	371.424E-12	5.86403E+0	65.4681E-3
7.80000E-3	381.507E-12	5.71883E+0	106.163E-3	379.210E-12	5.74177E+0	88.7387E-3
8.40000E-3	377.096E-12	5.66787E+0	131.289E-3	387.445E-12	5.63760E+0	110.696E-3
9.00000E-3	402.848E-12	5.55389E+0	118.245E-3	397.877E-12	5.52212E+0	122.205E-3
9.60000E-3	411.433E-12	5.38950E+0	119.345E-3	410.329E-12	5.37956E+0	126.989E-3
10.2000E-3	416.030E-12	5.21122E+0	135.840E-3	423.817E-12	5.22262E+0	132.111E-3
10.8000E-3	444.331E-12	5.05150E+0	143.242E-3	435.120E-12	5.07451E+0	137.353E-3
11.4000E-3	448.740E-12	4.93130E+0	139.300E-3	443.364E-12	4.94970E+0	139.104E-3
12.0000E-3	445.348E-12	4.83579E+0	138.434E-3	450.283E-12	4.84831E+0	137.188E-3
12.6000E-3	449.832E-12	4.76381E+0	134.491E-3	456.888E-12	4.76292E+0	131.275E-3
13.2000E-3	473.869E-12	4.68235E+0	128.987E-3	464.822E-12	4.69125E+0	114.074E-3
13.8000E-3	472.698E-12	4.60836E+0	104.197E-3	472.535E-12	4.63846E+0	75.0027E-3
14.4000E-3	474.760E-12	4.59275E+0	26.8620E-3	478.578E-12	4.60536E+0	10.5918E-3
15.0000E-3	487.262E-12	4.59876E+0	-76.2155E-3	482.604E-12	4.57988E+0	-66.9036E-3
15.6000E-3	487.733E-12	4.57029E+0	-166.422E-3	486.315E-12	4.53943E+0	-134.121E-3
16.2000E-3	485.596E-12	4.49313E+0	-200.513E-3	492.343E-12	4.47161E+0	-175.445E-3
16.8000E-3	493.530E-12	4.37466E+0	-189.337E-3	499.682E-12	4.38684E+0	-191.380E-3
17.4000E-3	523.006E-12	4.28227E+0	-196.229E-3	507.848E-12	4.30919E+0	-192.291E-3
18.0000E-3	508.799E-12	4.23285E+0	-192.288E-3	516.522E-12	4.25767E+0	-192.655E-3
18.6000E-3	517.190E-12	4.22142E+0	-179.621E-3	524.533E-12	4.23431E+0	-203.149E-3
19.2000E-3	545.368E-12	4.23286E+0	-216.996E-3	532.217E-12	4.23009E+0	-217.702E-3
19.8000E-3	535.219E-12	4.22758E+0	-267.700E-3	541.239E-12	4.23904E+0	-219.803E-3
20.4000E-3	545.346E-12	4.24347E+0	-219.805E-3	553.888E-12	4.26274E+0	-200.626E-3
21.0000E-3	564.215E-12	4.29151E+0	-135.729E-3	569.114E-12	4.30491E+0	-173.342E-3
21.6000E-3	603.284E-12	4.35848E+0	-127.511E-3	586.378E-12	4.37101E+0	-167.924E-3
22.2000E-3	594.307E-12	4.43535E+0	-179.889E-3	600.473E-12	4.45914E+0	-208.925E-3
22.8000E-3	611.590E-12	4.56471E+0	-268.722E-3	614.363E-12	4.56223E+0	-290.445E-3
23.4000E-3	624.009E-12	4.68105E+0	-406.812E-3	627.606E-12	4.66851E+0	-379.057E-3
24.0000E-3	655.014E-12	4.77627E+0	-500.124E-3	642.181E-12	4.76523E+0	-436.423E-3
24.6000E-3	646.568E-12	4.85919E+0	-480.060E-3	656.806E-12	4.84579E+0	-441.820E-3
25.2000E-3	667.067E-12	4.91506E+0	-401.274E-3	669.229E-12	4.91668E+0	-409.318E-3
25.8000E-3	699.503E-12	4.97464E+0	-335.287E-3	678.109E-12	4.98793E+0	-382.304E-3
26.4000E-3	673.206E-12	5.06052E+0	-347.341E-3	685.983E-12	5.06087E+0	-389.747E-3
27.0000E-3	685.253E-12	5.15341E+0	-446.213E-3	693.354E-12	5.12374E+0	-411.801E-3
27.6000E-3	712.558E-12	5.19427E+0	-489.249E-3	700.346E-12	5.15968E+0	-401.191E-3
28.2000E-3	711.221E-12	5.17669E+0	-367.278E-3	708.573E-12	5.17133E+0	-328.596E-3
28.8000E-3	703.222E-12	5.14209E+0	-192.156E-3	716.248E-12	5.18713E+0	-205.079E-3
29.4000E-3	727.590E-12	5.18806E+0	-54.5723E-3	722.475E-12	5.23529E+0	-77.4306E-3
30.0000E-3	741.976E-12	5.32257E+0	68.7191E-3	726.023E-12	5.30775E+0	9.77842E-3
30.6000E-3	719.300E-12	5.43482E+0	83.7560E-3	729.276E-12	5.37029E+0	34.9933E-3
31.2000E-3	716.371E-12	5.41746E+0	31.1151E-3	735.993E-12	5.39680E+0	-7.45420E-3
31.8000E-3	758.516E-12	5.37824E+0	-71.1793E-3	747.001E-12	5.39384E+0	-106.194E-3
32.4000E-3	771.003E-12	5.37364E+0	-246.656E-3	760.989E-12	5.38750E+0	-228.429E-3
33.0000E-3	757.433E-12	5.38799E+0	-384.654E-3	775.952E-12	5.39919E+0	-338.365E-3
33.6000E-3	791.153E-12	5.41377E+0	-440.595E-3	791.061E-12	5.43365E+0	-403.654E-3
34.2000E-3	822.023E-12	5.47383E+0	-457.456E-3	803.846E-12	5.48813E+0	-397.270E-3
34.8000E-3	816.517E-12	5.55932E+0	-386.558E-3	814.710E-12	5.54538E+0	-313.568E-3
35.4000E-3	800.892E-12	5.63381E+0	-177.241E-3	826.031E-12	5.57949E+0	-167.001E-3
36.0000E-3	847.128E-12	5.60332E+0	27.8720E-3	842.475E-12	5.56649E+0	6.80918E-3
36.6000E-3	873.848E-12	5.52972E+0	203.549E-3	863.306E-12	5.50011E+0	160.145E-3
37.2000E-3	877.401E-12	5.40886E+0	316.058E-3	882.707E-12	5.39501E+0	255.376E-3
37.8000E-3	901.476E-12	5.26060E+0	329.502E-3	891.962E-12	5.27800E+0	292.315E-3
38.4000E-3	911.732E-12	5.14845E+0	270.723E-3	894.244E-12	5.18294E+0	296.372E-3
39.0000E-3	873.191E-12	5.07083E+0	275.444E-3	898.264E-12	5.15295E+0	302.119E-3
39.6000E-3	892.805E-12	5.12368E+0	320.576E-3	907.199E-12	5.20892E+0	324.806E-3
40.2000E-3	946.249E-12	5.34003E+0	374.638E-3	920.717E-12	5.32798E+0	347.818E-3
40.8000E-3	931.117E-12	5.51588E+0	389.395E-3	934.926E-12	5.45448E+0	351.077E-3
41.4000E-3	935.911E-12	5.58713E+0	316.938E-3	947.024E-12	5.53815E+0	337.712E-3
42.0000E-3	961.346E-12	5.57981E+0	299.812E-3	957.367E-12	5.56137E+0	322.491E-3
42.6000E-3	981.357E-12	5.56203E+0	328.073E-3	969.499E-12	5.53437E+0	318.313E-3
43.2000E-3	967.433E-12	5.50078E+0	317.171E-3	984.075E-12	5.46945E+0	328.010E-3
43.8000E-3	992.485E-12	5.38134E+0	334.739E-3	1.00234E-9	5.38416E+0	335.225E-3
44.4000E-3	1.03999E-9	5.26447E+0	371.290E-3	1.02468E-9	5.30778E+0	307.624E-3
45.0000E-3	1.04432E-9	5.22046E+0	305.569E-3	1.04456E-9	5.27943E+0	213.836E-3
45.6000E-3	1.06688E-9	5.26161E+0	71.9645E-3	1.05925E-9	5.32161E+0	50.0533E-3
46.2000E-3	1.05970E-9	5.40722E+0	-189.411E-3	1.06744E-9	5.42490E+0	-126.431E-3
46.8000E-3	1.08845E-9	5.57476E+0	-364.726E-3	1.07250E-9	5.56218E+0	-223.430E-3
47.4000E-3	1.06829E-9	5.70582E+0	-302.769E-3	1.07269E-9	5.70466E+0	-183.095E-3
48.0000E-3	1.07074E-9	5.85249E+0	-38.8003E-3	1.07102E-9	5.82193E+0	-22.9767E-3
48.6000E-3	1.06841E-9	5.96102E+0	227.568E-3	1.07025E-9	5.89097E+0	194.085E-3
49.2000E-3	1.06564E-9	5.93737E+0	423.705E-3	1.07064E-9	5.91012E+0	389.845E-3
49.8000E-3	1.08595E-9	5.86896E+0	606.832E-3	1.06797E-9	5.89667E+0	505.577E-3
50.4000E-3	1.05644E-9	5.87309E+0	610.624E-3	1.06020E-9	5.86676E+0	518.579E-3
51.0000E-3	1.04796E-9	5.87141E+0	459.279E-3	1.05774E-9	5.81921E+0	444.294E-3
51.6000E-3	1.03633E-9	5.76446E+0	301.955E-3	1.06458E-9	5.74573E+0	332.155E-3
52.2000E-3	1.10422E-9	5.62942E+0	190.237E-3	1.08676E-9	5.66604E+0	238.016E-3
52.8000E-3	1.10074E-9	5.54767E+0	167.101E-3	1.11691E-9	5.63260E+0	172.193E-3
53.4000E-3	1.15524E-9	5.60243E+0	161.400E-3	1.15129E-9	5.69048E+0	103.145E-3
54.0000E-3	1.18717E-9	5.80221E+0	40.9181E-3	1.17914E-9	5.83093E+0	6.05941E-3
54.6000E-3	1.21871E-9	6.05672E+0	-145.965E-3	1.19936E-9	5.98456E+0	-102.118E-3
55.2000E-3	1.20258E-9	6.19804E+0	-256.758E-3	1.20959E-9	6.06473E+0	-171.558E-3
55.8000E-3	1.20986E-9	6.10462E+0	-221.884E-3	1.21688E-9	6.03334E+0	-171.499E-3
56.4000E-3	1.23120E-9	5.89739E+0	-100.077E-3	1.22625E-9	5.93109E+0	-113.777E-3
57.0000E-3	1.23411E-9	5.75535E+0	-30.7831E-3	1.23827E-9	5.83910E+0	-22.7839E-3
57.6000E-3	1.25451E-9	5.76040E+0	45.1260E-3	1.24887E-9	5.80830E+0	82.4646E-3
58.2000E-3	1.25858E-9	5.84448E+0	217.924E-3	1.25746E-9	5.82633E+0	169.379E-3
58.8000E-3	1.26194E-9	5.88488E+0	319.480E-3	1.26547E-9	5.85657E+0	185.404E-3
59.4000E-3	1.27459E-9	5.86359E+0	182.858E-3	1.27291E-9	5.87704E+0	87.9741E-3
60.0000E-3	1.28134E-9	5.88654E+0	-102.234E-3	1.28134E-9	5.88654E+0	-102.234E-3
