Experiment	bias spectroscopy	
Date	16.08.2023 16:43:51	
User		
X (m)	-645.613E-9	
Y (m)	645E-9	
Z (m)	-127.033E-9	
Z offset (m)	0E+0	
Settling time (s)	100E-6	
Integration time (s)	25E-3	
Z-Ctrl hold	TRUE	
Final Z (m)	N/A	
Filter type	Gaussian	
Order	2	
Cutoff frq		

[DATA]
Bias calc (V)	Current (A)	Lock In X (V)	Lock In Y (V)	Current (A) [filt]	Lock In X (V) [filt]	Lock In Y (V) [filt]
-60.0000E-3	-510.222E-12	4.97884E+0	-52.7481E-3	-510.222E-12	4.97884E+0	-52.7481E-3
-59.4000E-3	-493.785E-12	4.99077E+0	-71.9108E-3	-500.180E-12	4.99212E+0	-58.1613E-3
-58.8000E-3	-494.364E-12	5.00711E+0	-64.3900E-3	-489.437E-12	5.00513E+0	-56.8392E-3
-58.2000E-3	-482.140E-12	5.01733E+0	-43.6358E-3	-479.190E-12	5.01556E+0	-49.3686E-3
-57.6000E-3	-461.507E-12	5.03060E+0	-36.4503E-3	-469.010E-12	5.01626E+0	-42.9390E-3
-57.0000E-3	-461.890E-12	5.02155E+0	-37.9575E-3	-456.891E-12	5.00016E+0	-42.5456E-3
-56.4000E-3	-451.331E-12	4.97292E+0	-48.1972E-3	-443.192E-12	4.96635E+0	-46.5772E-3
-55.8000E-3	-420.058E-12	4.91801E+0	-54.8666E-3	-429.743E-12	4.91984E+0	-49.8770E-3
-55.2000E-3	-412.143E-12	4.86972E+0	-53.0002E-3	-419.009E-12	4.86744E+0	-49.0383E-3
-54.6000E-3	-415.484E-12	4.81682E+0	-45.1781E-3	-411.256E-12	4.81345E+0	-43.9188E-3
-54.0000E-3	-410.595E-12	4.75586E+0	-34.9432E-3	-404.897E-12	4.75963E+0	-36.8888E-3
-53.4000E-3	-390.483E-12	4.70255E+0	-29.3235E-3	-396.933E-12	4.70809E+0	-29.2513E-3
-52.8000E-3	-390.261E-12	4.65951E+0	-24.5334E-3	-388.030E-12	4.66123E+0	-20.3669E-3
-52.2000E-3	-381.121E-12	4.61612E+0	-11.0663E-3	-379.173E-12	4.61942E+0	-8.49071E-3
-51.6000E-3	-368.837E-12	4.57926E+0	4.80699E-3	-370.269E-12	4.58162E+0	7.09255E-3
-51.0000E-3	-360.977E-12	4.54539E+0	25.1544E-3	-359.775E-12	4.54699E+0	25.1357E-3
-50.4000E-3	-350.869E-12	4.51380E+0	45.1367E-3	-349.312E-12	4.51427E+0	42.3070E-3
-49.8000E-3	-334.827E-12	4.48411E+0	61.9804E-3	-339.560E-12	4.48172E+0	55.5553E-3
-49.2000E-3	-331.518E-12	4.44854E+0	66.7788E-3	-330.963E-12	4.44883E+0	62.3840E-3
-48.6000E-3	-324.093E-12	4.41389E+0	66.7874E-3	-322.980E-12	4.41751E+0	63.1683E-3
-48.0000E-3	-315.905E-12	4.38389E+0	59.2177E-3	-314.619E-12	4.38988E+0	59.9553E-3
-47.4000E-3	-305.004E-12	4.36620E+0	55.2384E-3	-306.623E-12	4.36304E+0	56.4837E-3
-46.8000E-3	-294.522E-12	4.34675E+0	50.6588E-3	-299.453E-12	4.32941E+0	54.6507E-3
-46.2000E-3	-299.520E-12	4.29391E+0	56.1085E-3	-292.413E-12	4.28613E+0	54.1238E-3
-45.6000E-3	-284.510E-12	4.22503E+0	56.6041E-3	-284.657E-12	4.23952E+0	52.0139E-3
-45.0000E-3	-272.769E-12	4.18588E+0	49.6990E-3	-276.401E-12	4.20090E+0	46.4359E-3
-44.4000E-3	-268.895E-12	4.17012E+0	37.1243E-3	-268.191E-12	4.17824E+0	38.9366E-3
-43.8000E-3	-261.876E-12	4.16280E+0	26.0795E-3	-259.622E-12	4.17183E+0	34.7586E-3
-43.2000E-3	-253.636E-12	4.17005E+0	30.6303E-3	-250.009E-12	4.17572E+0	37.3876E-3
-42.6000E-3	-233.385E-12	4.18975E+0	47.1416E-3	-239.343E-12	4.18045E+0	45.4151E-3
-42.0000E-3	-231.337E-12	4.19439E+0	59.3091E-3	-229.180E-12	4.17515E+0	54.2149E-3
-41.4000E-3	-219.691E-12	4.16533E+0	61.9437E-3	-220.399E-12	4.15265E+0	59.5043E-3
-40.8000E-3	-210.049E-12	4.11783E+0	62.5643E-3	-212.597E-12	4.11526E+0	60.6398E-3
-40.2000E-3	-208.090E-12	4.06638E+0	59.1715E-3	-204.483E-12	4.07265E+0	59.9679E-3
-39.6000E-3	-195.309E-12	4.02660E+0	57.0875E-3	-196.322E-12	4.03321E+0	60.3251E-3
-39.0000E-3	-187.105E-12	3.99885E+0	60.7584E-3	-188.172E-12	3.99947E+0	63.3035E-3
-38.4000E-3	-179.946E-12	3.96906E+0	68.4118E-3	-180.062E-12	3.96905E+0	69.0184E-3
-37.8000E-3	-173.457E-12	3.94124E+0	76.6987E-3	-172.296E-12	3.93772E+0	75.6030E-3
-37.2000E-3	-164.207E-12	3.90727E+0	83.8254E-3	-163.758E-12	3.90248E+0	80.5670E-3
-36.6000E-3	-155.259E-12	3.86517E+0	85.2865E-3	-155.374E-12	3.86041E+0	82.6000E-3
-36.0000E-3	-143.809E-12	3.81981E+0	82.0632E-3	-147.622E-12	3.80893E+0	81.6977E-3
-35.4000E-3	-143.384E-12	3.75338E+0	79.7410E-3	-140.565E-12	3.74972E+0	78.8604E-3
-34.8000E-3	-134.206E-12	3.67957E+0	75.1217E-3	-133.655E-12	3.68842E+0	75.7353E-3
-34.2000E-3	-124.806E-12	3.62448E+0	71.1755E-3	-126.568E-12	3.63073E+0	74.3110E-3
-33.6000E-3	-120.143E-12	3.57893E+0	72.2488E-3	-119.384E-12	3.57864E+0	75.9342E-3
-33.0000E-3	-111.975E-12	3.53135E+0	80.0543E-3	-112.700E-12	3.52850E+0	80.7942E-3
-32.4000E-3	-106.704E-12	3.47998E+0	88.1164E-3	-106.417E-12	3.47531E+0	87.1774E-3
-31.8000E-3	-99.5005E-12	3.42074E+0	95.0134E-3	-99.8750E-12	3.41719E+0	93.0620E-3
-31.2000E-3	-94.7886E-12	3.35584E+0	98.0442E-3	-93.2137E-12	3.35425E+0	97.1660E-3
-30.6000E-3	-85.1046E-12	3.29035E+0	100.687E-3	-86.5163E-12	3.28577E+0	99.4259E-3
-30.0000E-3	-79.3003E-12	3.21870E+0	100.930E-3	-80.4318E-12	3.20982E+0	99.4951E-3
-29.4000E-3	-75.1335E-12	3.13197E+0	100.150E-3	-74.8768E-12	3.12489E+0	97.7048E-3
-28.8000E-3	-70.4751E-12	3.03399E+0	93.1351E-3	-69.8418E-12	3.03194E+0	94.7701E-3
-28.2000E-3	-63.9054E-12	2.93403E+0	90.9221E-3	-64.7135E-12	2.93434E+0	91.9681E-3
-27.6000E-3	-60.0264E-12	2.83511E+0	89.8121E-3	-59.3831E-12	2.83499E+0	89.9633E-3
-27.0000E-3	-54.2160E-12	2.73662E+0	88.7232E-3	-54.1375E-12	2.73353E+0	88.7469E-3
-26.4000E-3	-47.9080E-12	2.63426E+0	87.7984E-3	-49.2091E-12	2.62724E+0	87.6560E-3
-25.8000E-3	-44.8774E-12	2.51975E+0	86.3890E-3	-44.7215E-12	2.51374E+0	86.4772E-3
-25.2000E-3	-40.4994E-12	2.39629E+0	85.5358E-3	-40.8047E-12	2.39286E+0	84.8664E-3
-24.6000E-3	-36.9956E-12	2.26799E+0	83.6670E-3	-37.2887E-12	2.26676E+0	82.3990E-3
-24.0000E-3	-33.9733E-12	2.13789E+0	79.4306E-3	-33.9354E-12	2.13877E+0	79.2209E-3
-23.4000E-3	-30.7183E-12	2.00904E+0	74.6053E-3	-30.7296E-12	2.01189E+0	75.5597E-3
-22.8000E-3	-27.6008E-12	1.88473E+0	72.6947E-3	-27.6611E-12	1.88794E+0	71.6502E-3
-22.2000E-3	-24.2512E-12	1.76598E+0	67.9174E-3	-24.8786E-12	1.76711E+0	67.5279E-3
-21.6000E-3	-22.2598E-12	1.64858E+0	62.6772E-3	-22.3970E-12	1.64862E+0	63.3260E-3
-21.0000E-3	-20.5256E-12	1.53015E+0	58.7228E-3	-20.1013E-12	1.53225E+0	59.5651E-3
-20.4000E-3	-17.6021E-12	1.41493E+0	55.7462E-3	-17.9273E-12	1.41897E+0	57.1040E-3
-19.8000E-3	-15.5187E-12	1.30628E+0	54.9986E-3	-15.8855E-12	1.31064E+0	55.8549E-3
-19.2000E-3	-14.0772E-12	1.20355E+0	56.2515E-3	-14.0192E-12	1.20910E+0	55.3553E-3
-18.6000E-3	-12.4362E-12	1.10892E+0	54.7054E-3	-12.2787E-12	1.11563E+0	55.3107E-3
-18.0000E-3	-10.4552E-12	1.02468E+0	54.6595E-3	-10.5596E-12	1.03113E+0	55.8423E-3
-17.4000E-3	-8.66364E-12	949.632E-3	56.6555E-3	-8.86164E-12	956.195E-3	56.8603E-3
-16.8000E-3	-7.36698E-12	884.080E-3	59.3338E-3	-7.19613E-12	891.557E-3	57.9640E-3
-16.2000E-3	-5.61593E-12	828.986E-3	58.9949E-3	-5.56998E-12	838.425E-3	58.4256E-3
-15.6000E-3	-3.71121E-12	788.280E-3	58.1329E-3	-3.87795E-12	798.112E-3	58.0139E-3
-15.0000E-3	-2.48218E-12	762.380E-3	57.3448E-3	-2.14473E-12	771.427E-3	57.1043E-3
-14.4000E-3	-117.753E-15	749.153E-3	55.7103E-3	-353.126E-15	758.588E-3	56.1039E-3
-13.8000E-3	1.26888E-12	749.937E-3	55.3335E-3	1.57186E-12	759.517E-3	54.6437E-3
-13.2000E-3	3.43857E-12	764.829E-3	54.1492E-3	3.69840E-12	774.578E-3	52.6632E-3
-12.6000E-3	6.07460E-12	793.389E-3	48.8567E-3	6.05337E-12	804.920E-3	50.5509E-3
-12.0000E-3	8.33368E-12	838.847E-3	47.9817E-3	8.74986E-12	852.393E-3	49.1509E-3
-11.4000E-3	11.4882E-12	904.298E-3	48.1948E-3	11.8268E-12	919.256E-3	49.0496E-3
-10.8000E-3	15.0588E-12	991.809E-3	49.9775E-3	15.3921E-12	1.00779E+0	50.2954E-3
-10.2000E-3	19.0520E-12	1.10241E+0	51.8627E-3	19.3150E-12	1.11994E+0	52.2724E-3
-9.60000E-3	23.8731E-12	1.23895E+0	54.6023E-3	23.6420E-12	1.25691E+0	54.5849E-3
-9.00000E-3	27.2172E-12	1.40253E+0	57.3900E-3	28.3778E-12	1.41854E+0	57.1394E-3
-8.40000E-3	33.7450E-12	1.58963E+0	58.9696E-3	33.7204E-12	1.60322E+0	60.4760E-3
-7.80000E-3	39.0327E-12	1.79613E+0	63.2314E-3	39.5109E-12	1.80868E+0	65.3721E-3
-7.20000E-3	46.0221E-12	2.02094E+0	71.1441E-3	46.0039E-12	2.03186E+0	72.5672E-3
-6.60000E-3	51.5265E-12	2.26331E+0	80.5082E-3	53.1289E-12	2.26908E+0	81.9349E-3
-6.00000E-3	61.2803E-12	2.51282E+0	92.9857E-3	60.9513E-12	2.51636E+0	92.0310E-3
-5.40000E-3	69.3691E-12	2.76703E+0	103.966E-3	69.2836E-12	2.76909E+0	100.689E-3
-4.80000E-3	77.1180E-12	3.02641E+0	109.449E-3	78.3331E-12	3.02260E+0	106.838E-3
-4.20000E-3	87.1656E-12	3.27821E+0	109.720E-3	88.0581E-12	3.27330E+0	111.045E-3
-3.60000E-3	98.9671E-12	3.52189E+0	113.574E-3	97.8527E-12	3.51986E+0	115.037E-3
-3.00000E-3	109.239E-12	3.76266E+0	119.750E-3	107.512E-12	3.76208E+0	119.108E-3
-2.40000E-3	114.078E-12	4.00533E+0	125.875E-3	116.598E-12	3.99707E+0	120.910E-3
-1.80000E-3	127.352E-12	4.23788E+0	124.138E-3	126.001E-12	4.21523E+0	117.169E-3
-1.20000E-3	133.889E-12	4.43620E+0	110.370E-3	136.428E-12	4.40421E+0	108.778E-3
-600.000E-6	147.635E-12	4.58276E+0	91.6084E-3	148.013E-12	4.55739E+0	100.846E-3
-6.93889E-18	161.172E-12	4.69030E+0	91.1886E-3	159.398E-12	4.67818E+0	98.0913E-3
600.000E-6	171.746E-12	4.78317E+0	102.951E-3	169.630E-12	4.77316E+0	101.263E-3
1.20000E-3	178.846E-12	4.86697E+0	108.014E-3	179.034E-12	4.84391E+0	107.344E-3
1.80000E-3	184.264E-12	4.91318E+0	113.362E-3	187.394E-12	4.88504E+0	112.680E-3
2.40000E-3	201.761E-12	4.91680E+0	118.237E-3	195.599E-12	4.89020E+0	117.183E-3
3.00000E-3	199.229E-12	4.88143E+0	118.663E-3	202.620E-12	4.85720E+0	121.287E-3
3.60000E-3	211.916E-12	4.81101E+0	128.437E-3	210.380E-12	4.78985E+0	122.836E-3
4.20000E-3	212.336E-12	4.70695E+0	127.669E-3	218.588E-12	4.69601E+0	119.781E-3
4.80000E-3	234.292E-12	4.58694E+0	110.817E-3	227.572E-12	4.58531E+0	115.045E-3
5.40000E-3	235.823E-12	4.46831E+0	100.115E-3	235.858E-12	4.46422E+0	115.150E-3
6.00000E-3	239.750E-12	4.34531E+0	118.031E-3	244.715E-12	4.33309E+0	125.762E-3
6.60000E-3	254.552E-12	4.20229E+0	146.579E-3	253.907E-12	4.18889E+0	143.730E-3
7.20000E-3	266.636E-12	4.03665E+0	171.946E-3	264.000E-12	4.03387E+0	157.853E-3
7.80000E-3	273.261E-12	3.86423E+0	174.273E-3	273.630E-12	3.88206E+0	159.047E-3
8.40000E-3	281.476E-12	3.71742E+0	148.471E-3	281.684E-12	3.75385E+0	146.760E-3
9.00000E-3	291.904E-12	3.63154E+0	125.210E-3	288.680E-12	3.66283E+0	125.440E-3
9.60000E-3	293.496E-12	3.59533E+0	104.300E-3	294.840E-12	3.60180E+0	99.3772E-3
10.2000E-3	300.393E-12	3.57378E+0	73.2304E-3	301.738E-12	3.54542E+0	71.9171E-3
10.8000E-3	306.313E-12	3.50013E+0	37.5675E-3	309.710E-12	3.46835E+0	46.0324E-3
11.4000E-3	322.990E-12	3.37240E+0	19.2182E-3	318.536E-12	3.36466E+0	26.2734E-3
12.0000E-3	326.762E-12	3.23489E+0	9.96234E-3	327.158E-12	3.24865E+0	16.9078E-3
12.6000E-3	333.029E-12	3.12242E+0	9.11524E-3	335.311E-12	3.14244E+0	23.4281E-3
13.2000E-3	345.473E-12	3.03981E+0	26.7339E-3	341.074E-12	3.06123E+0	50.9836E-3
13.8000E-3	350.422E-12	2.98843E+0	88.0533E-3	345.000E-12	3.00943E+0	98.1143E-3
14.4000E-3	340.665E-12	2.97043E+0	168.082E-3	348.034E-12	2.98128E+0	149.538E-3
15.0000E-3	350.411E-12	2.97176E+0	217.454E-3	353.634E-12	2.96475E+0	185.681E-3
15.6000E-3	360.542E-12	2.95730E+0	208.317E-3	361.648E-12	2.95109E+0	197.107E-3
16.2000E-3	378.441E-12	2.92580E+0	186.282E-3	369.147E-12	2.94340E+0	192.377E-3
16.8000E-3	373.876E-12	2.92462E+0	175.498E-3	372.786E-12	2.95156E+0	189.759E-3
17.4000E-3	370.819E-12	2.97320E+0	185.852E-3	375.324E-12	2.97654E+0	198.640E-3
18.0000E-3	374.260E-12	3.02780E+0	225.598E-3	378.789E-12	3.00317E+0	214.532E-3
18.6000E-3	389.773E-12	3.03778E+0	237.684E-3	385.521E-12	3.01452E+0	228.697E-3
19.2000E-3	389.634E-12	3.00491E+0	235.184E-3	394.378E-12	3.00655E+0	233.521E-3
19.8000E-3	403.801E-12	2.98486E+0	239.943E-3	403.041E-12	2.98997E+0	224.627E-3
20.4000E-3	417.196E-12	2.96950E+0	214.518E-3	409.957E-12	2.98120E+0	202.631E-3
21.0000E-3	412.659E-12	2.96776E+0	168.991E-3	415.466E-12	2.99487E+0	169.082E-3
21.6000E-3	417.915E-12	3.00999E+0	129.993E-3	420.398E-12	3.03692E+0	128.736E-3
22.2000E-3	425.916E-12	3.10025E+0	85.0273E-3	425.344E-12	3.10117E+0	89.4378E-3
22.8000E-3	435.054E-12	3.18992E+0	46.8437E-3	430.054E-12	3.16760E+0	58.7107E-3
23.4000E-3	431.641E-12	3.24224E+0	26.1897E-3	434.248E-12	3.21495E+0	42.0990E-3
24.0000E-3	434.001E-12	3.24915E+0	32.8202E-3	439.995E-12	3.23429E+0	42.8331E-3
24.6000E-3	448.488E-12	3.23609E+0	52.0151E-3	449.317E-12	3.23488E+0	58.5063E-3
25.2000E-3	460.941E-12	3.21768E+0	81.8358E-3	461.507E-12	3.23548E+0	82.8696E-3
25.8000E-3	477.069E-12	3.23043E+0	113.456E-3	473.405E-12	3.25503E+0	111.486E-3
26.4000E-3	485.174E-12	3.27961E+0	136.296E-3	481.297E-12	3.30462E+0	145.311E-3
27.0000E-3	489.834E-12	3.36787E+0	175.849E-3	486.057E-12	3.38554E+0	186.322E-3
27.6000E-3	481.996E-12	3.48265E+0	236.081E-3	490.788E-12	3.48887E+0	228.755E-3
28.2000E-3	495.249E-12	3.60739E+0	288.224E-3	495.743E-12	3.59303E+0	256.006E-3
28.8000E-3	512.881E-12	3.72028E+0	287.411E-3	501.213E-12	3.66826E+0	248.774E-3
29.4000E-3	495.814E-12	3.74343E+0	224.286E-3	509.254E-12	3.68696E+0	204.330E-3
30.0000E-3	512.765E-12	3.68222E+0	124.765E-3	517.514E-12	3.64247E+0	140.760E-3
30.6000E-3	544.681E-12	3.55247E+0	58.7502E-3	524.313E-12	3.56205E+0	91.4654E-3
31.2000E-3	523.485E-12	3.43335E+0	34.3784E-3	529.235E-12	3.49786E+0	84.4686E-3
31.8000E-3	523.648E-12	3.42476E+0	97.9318E-3	535.681E-12	3.48957E+0	126.513E-3
32.4000E-3	540.462E-12	3.52798E+0	206.276E-3	546.742E-12	3.54433E+0	203.025E-3
33.0000E-3	575.086E-12	3.64054E+0	298.163E-3	561.274E-12	3.63847E+0	293.758E-3
33.6000E-3	575.957E-12	3.74918E+0	383.910E-3	572.142E-12	3.74228E+0	378.658E-3
34.2000E-3	574.326E-12	3.84604E+0	471.963E-3	580.062E-12	3.84125E+0	442.050E-3
34.8000E-3	582.593E-12	3.93351E+0	509.648E-3	585.860E-12	3.93372E+0	469.609E-3
35.4000E-3	603.963E-12	4.02853E+0	484.602E-3	591.691E-12	4.01505E+0	457.300E-3
36.0000E-3	590.736E-12	4.10372E+0	409.748E-3	598.239E-12	4.07802E+0	417.897E-3
36.6000E-3	596.978E-12	4.13236E+0	358.270E-3	604.932E-12	4.12118E+0	372.560E-3
37.2000E-3	624.835E-12	4.14244E+0	333.309E-3	613.281E-12	4.15081E+0	333.371E-3
37.8000E-3	615.443E-12	4.17541E+0	303.727E-3	621.674E-12	4.17972E+0	303.148E-3
38.4000E-3	634.353E-12	4.20762E+0	267.206E-3	630.559E-12	4.22033E+0	282.468E-3
39.0000E-3	629.776E-12	4.25866E+0	258.697E-3	643.256E-12	4.27199E+0	270.559E-3
39.6000E-3	659.629E-12	4.34676E+0	278.436E-3	660.911E-12	4.31851E+0	258.346E-3
40.2000E-3	691.899E-12	4.38279E+0	260.065E-3	678.924E-12	4.34256E+0	229.340E-3
40.8000E-3	691.261E-12	4.34321E+0	190.498E-3	692.191E-12	4.33248E+0	175.941E-3
41.4000E-3	707.531E-12	4.30687E+0	94.7592E-3	700.458E-12	4.29003E+0	110.257E-3
42.0000E-3	695.425E-12	4.23679E+0	27.6476E-3	705.891E-12	4.22948E+0	54.4549E-3
42.6000E-3	719.918E-12	4.15167E+0	7.59297E-3	711.598E-12	4.17454E+0	23.8698E-3
43.2000E-3	715.800E-12	4.09681E+0	5.16423E-3	715.188E-12	4.15254E+0	24.8273E-3
43.8000E-3	718.394E-12	4.13716E+0	28.8271E-3	716.577E-12	4.18055E+0	56.1894E-3
44.4000E-3	716.489E-12	4.25417E+0	103.475E-3	715.391E-12	4.24339E+0	108.959E-3
45.0000E-3	710.128E-12	4.34886E+0	187.082E-3	715.031E-12	4.30685E+0	160.432E-3
45.6000E-3	716.783E-12	4.36233E+0	231.919E-3	716.924E-12	4.34165E+0	174.895E-3
46.2000E-3	718.204E-12	4.35642E+0	188.836E-3	721.546E-12	4.34672E+0	125.538E-3
46.8000E-3	729.425E-12	4.32639E+0	36.0004E-3	729.018E-12	4.34263E+0	14.0231E-3
47.4000E-3	735.450E-12	4.32824E+0	-143.723E-3	739.385E-12	4.34698E+0	-130.051E-3
48.0000E-3	749.423E-12	4.36833E+0	-299.742E-3	753.506E-12	4.36472E+0	-268.083E-3
48.6000E-3	771.101E-12	4.38682E+0	-404.068E-3	766.949E-12	4.39106E+0	-375.364E-3
49.2000E-3	789.661E-12	4.42369E+0	-461.496E-3	776.358E-12	4.41723E+0	-453.518E-3
49.8000E-3	776.180E-12	4.44447E+0	-506.728E-3	781.382E-12	4.43492E+0	-517.924E-3
50.4000E-3	778.642E-12	4.45531E+0	-577.648E-3	785.831E-12	4.43424E+0	-575.038E-3
51.0000E-3	794.081E-12	4.43763E+0	-655.235E-3	792.594E-12	4.40397E+0	-607.004E-3
51.6000E-3	804.507E-12	4.35863E+0	-656.322E-3	802.570E-12	4.35097E+0	-590.099E-3
52.2000E-3	809.286E-12	4.25925E+0	-533.913E-3	812.336E-12	4.30105E+0	-519.367E-3
52.8000E-3	824.991E-12	4.23654E+0	-403.593E-3	825.113E-12	4.27855E+0	-411.445E-3
53.4000E-3	828.667E-12	4.29279E+0	-299.115E-3	836.882E-12	4.29027E+0	-283.772E-3
54.0000E-3	872.033E-12	4.32340E+0	-166.449E-3	844.853E-12	4.32415E+0	-143.337E-3
54.6000E-3	837.563E-12	4.35809E+0	13.3672E-3	847.810E-12	4.35762E+0	-3.68283E-3
55.2000E-3	840.530E-12	4.40830E+0	177.783E-3	848.666E-12	4.37799E+0	100.751E-3
55.8000E-3	858.935E-12	4.38631E+0	205.815E-3	851.573E-12	4.38381E+0	138.559E-3
56.4000E-3	849.182E-12	4.37473E+0	121.131E-3	861.004E-12	4.37199E+0	111.832E-3
57.0000E-3	874.007E-12	4.37009E+0	34.7908E-3	874.422E-12	4.33862E+0	57.3083E-3
57.6000E-3	890.470E-12	4.30189E+0	-15.2577E-3	890.439E-12	4.28572E+0	19.5639E-3
58.2000E-3	910.496E-12	4.20670E+0	-11.4792E-3	906.268E-12	4.22097E+0	25.9622E-3
58.8000E-3	923.936E-12	4.14144E+0	46.1349E-3	919.228E-12	4.16512E+0	83.3906E-3
59.4000E-3	923.080E-12	4.10773E+0	163.467E-3	932.196E-12	4.13524E+0	185.695E-3
60.0000E-3	945.518E-12	4.12618E+0	314.628E-3	945.518E-12	4.12618E+0	314.628E-3
