Experiment	bias spectroscopy	
Date	18.08.2023 15:36:22	
User		
X (m)	-179.969E-9	
Y (m)	86.3622E-9	
Z (m)	-156.866E-9	
Z offset (m)	0E+0	
Settling time (s)	100E-6	
Integration time (s)	25E-3	
Z-Ctrl hold	TRUE	
Final Z (m)	N/A	
Filter type	Gaussian	
Order	2	
Cutoff frq		

[DATA]
Bias calc (V)	Current (A)	Lock In X (V)	Lock In Y (V)	Current (A) [filt]	Lock In X (V) [filt]	Lock In Y (V) [filt]
-700.000E-3	-203.466E-12	-3.52336E+0	-532.290E-3	-203.466E-12	-3.52336E+0	-532.290E-3
-696.500E-3	-201.575E-12	-3.48455E+0	-538.897E-3	-202.912E-12	-3.49215E+0	-537.233E-3
-693.000E-3	-202.448E-12	-3.45719E+0	-544.995E-3	-202.594E-12	-3.46932E+0	-540.524E-3
-689.500E-3	-203.908E-12	-3.45073E+0	-538.292E-3	-202.734E-12	-3.46041E+0	-544.928E-3
-686.000E-3	-201.497E-12	-3.45533E+0	-544.772E-3	-203.250E-12	-3.46619E+0	-555.401E-3
-682.500E-3	-203.930E-12	-3.48017E+0	-569.189E-3	-204.346E-12	-3.48193E+0	-573.776E-3
-679.000E-3	-205.988E-12	-3.50784E+0	-601.730E-3	-205.854E-12	-3.50140E+0	-596.962E-3
-675.500E-3	-208.474E-12	-3.51932E+0	-623.950E-3	-207.691E-12	-3.52388E+0	-619.071E-3
-672.000E-3	-208.371E-12	-3.53692E+0	-637.852E-3	-208.983E-12	-3.55627E+0	-636.588E-3
-668.500E-3	-211.491E-12	-3.58629E+0	-652.640E-3	-209.540E-12	-3.61061E+0	-648.259E-3
-665.000E-3	-209.408E-12	-3.67194E+0	-660.779E-3	-209.610E-12	-3.69355E+0	-653.933E-3
-661.500E-3	-208.052E-12	-3.79415E+0	-656.185E-3	-210.067E-12	-3.79824E+0	-652.685E-3
-658.000E-3	-210.713E-12	-3.92303E+0	-649.379E-3	-211.358E-12	-3.90689E+0	-643.457E-3
-654.500E-3	-214.144E-12	-4.02453E+0	-633.075E-3	-213.067E-12	-4.00241E+0	-625.430E-3
-651.000E-3	-216.158E-12	-4.08760E+0	-605.071E-3	-214.720E-12	-4.08029E+0	-599.815E-3
-647.500E-3	-213.599E-12	-4.13823E+0	-566.291E-3	-216.162E-12	-4.14923E+0	-571.251E-3
-644.000E-3	-218.411E-12	-4.21308E+0	-536.517E-3	-217.810E-12	-4.22243E+0	-546.377E-3
-640.500E-3	-220.393E-12	-4.29912E+0	-524.844E-3	-219.502E-12	-4.30628E+0	-527.324E-3
-637.000E-3	-221.280E-12	-4.39858E+0	-517.907E-3	-220.696E-12	-4.39690E+0	-509.642E-3
-633.500E-3	-221.534E-12	-4.49564E+0	-495.576E-3	-221.155E-12	-4.48496E+0	-485.763E-3
-630.000E-3	-220.262E-12	-4.57410E+0	-457.892E-3	-221.502E-12	-4.56382E+0	-454.200E-3
-626.500E-3	-222.509E-12	-4.63589E+0	-410.964E-3	-222.438E-12	-4.62999E+0	-423.430E-3
-623.000E-3	-222.898E-12	-4.69287E+0	-384.398E-3	-223.793E-12	-4.68402E+0	-407.092E-3
-619.500E-3	-226.780E-12	-4.73351E+0	-394.846E-3	-225.057E-12	-4.72746E+0	-415.150E-3
-616.000E-3	-226.152E-12	-4.76700E+0	-435.707E-3	-226.292E-12	-4.75998E+0	-450.963E-3
-612.500E-3	-225.174E-12	-4.79211E+0	-496.112E-3	-228.093E-12	-4.78078E+0	-507.799E-3
-609.000E-3	-231.403E-12	-4.79604E+0	-582.215E-3	-230.456E-12	-4.79297E+0	-570.198E-3
-605.500E-3	-234.442E-12	-4.79413E+0	-647.601E-3	-232.737E-12	-4.80031E+0	-619.496E-3
-602.000E-3	-234.923E-12	-4.80997E+0	-665.004E-3	-234.206E-12	-4.80491E+0	-642.776E-3
-598.500E-3	-233.860E-12	-4.81388E+0	-649.070E-3	-234.754E-12	-4.80637E+0	-639.659E-3
-595.000E-3	-235.288E-12	-4.80383E+0	-619.380E-3	-235.195E-12	-4.80418E+0	-623.974E-3
-591.500E-3	-236.005E-12	-4.79592E+0	-595.411E-3	-235.948E-12	-4.79682E+0	-614.421E-3
-588.000E-3	-236.323E-12	-4.79627E+0	-602.770E-3	-237.330E-12	-4.78000E+0	-621.767E-3
-584.500E-3	-238.480E-12	-4.76850E+0	-645.612E-3	-238.846E-12	-4.74772E+0	-642.777E-3
-581.000E-3	-242.481E-12	-4.70263E+0	-681.111E-3	-240.174E-12	-4.70303E+0	-663.215E-3
-577.500E-3	-240.330E-12	-4.63568E+0	-685.978E-3	-241.067E-12	-4.66229E+0	-670.545E-3
-574.000E-3	-241.010E-12	-4.61485E+0	-664.095E-3	-241.781E-12	-4.64375E+0	-664.476E-3
-570.500E-3	-242.785E-12	-4.64348E+0	-644.816E-3	-242.564E-12	-4.65180E+0	-655.282E-3
-567.000E-3	-244.119E-12	-4.68106E+0	-644.979E-3	-243.392E-12	-4.67804E+0	-650.330E-3
-563.500E-3	-244.194E-12	-4.70683E+0	-656.187E-3	-244.258E-12	-4.71063E+0	-648.346E-3
-560.000E-3	-243.385E-12	-4.74520E+0	-650.387E-3	-245.141E-12	-4.74230E+0	-642.505E-3
-556.500E-3	-248.044E-12	-4.77748E+0	-633.366E-3	-245.955E-12	-4.76920E+0	-629.856E-3
-553.000E-3	-246.797E-12	-4.79628E+0	-608.984E-3	-246.791E-12	-4.78321E+0	-613.250E-3
-549.500E-3	-245.700E-12	-4.80251E+0	-594.704E-3	-247.808E-12	-4.76951E+0	-598.114E-3
-546.000E-3	-249.839E-12	-4.75693E+0	-584.389E-3	-249.286E-12	-4.71402E+0	-585.671E-3
-542.500E-3	-251.147E-12	-4.64176E+0	-578.179E-3	-251.399E-12	-4.61060E+0	-572.737E-3
-539.000E-3	-253.921E-12	-4.48076E+0	-562.576E-3	-253.508E-12	-4.46816E+0	-554.544E-3
-535.500E-3	-255.750E-12	-4.29906E+0	-532.816E-3	-254.690E-12	-4.30968E+0	-530.438E-3
-532.000E-3	-256.306E-12	-4.13564E+0	-498.829E-3	-254.850E-12	-4.15742E+0	-506.886E-3
-528.500E-3	-253.558E-12	-4.01270E+0	-475.112E-3	-254.567E-12	-4.02037E+0	-496.546E-3
-525.000E-3	-252.653E-12	-3.89981E+0	-485.469E-3	-255.203E-12	-3.89282E+0	-509.973E-3
-521.500E-3	-256.499E-12	-3.77370E+0	-537.158E-3	-256.141E-12	-3.76409E+0	-546.711E-3
-518.000E-3	-261.774E-12	-3.62940E+0	-603.977E-3	-257.139E-12	-3.63072E+0	-593.549E-3
-514.500E-3	-253.214E-12	-3.48714E+0	-652.692E-3	-258.074E-12	-3.49902E+0	-632.931E-3
-511.000E-3	-258.689E-12	-3.36651E+0	-667.453E-3	-259.347E-12	-3.37464E+0	-653.837E-3
-507.500E-3	-263.727E-12	-3.26115E+0	-663.198E-3	-261.038E-12	-3.25614E+0	-655.824E-3
-504.000E-3	-262.420E-12	-3.14408E+0	-649.290E-3	-262.780E-12	-3.13330E+0	-643.768E-3
-500.500E-3	-263.598E-12	-3.01509E+0	-628.122E-3	-263.644E-12	-2.99293E+0	-624.027E-3
-497.000E-3	-264.110E-12	-2.85041E+0	-597.062E-3	-263.926E-12	-2.82847E+0	-601.794E-3
-493.500E-3	-265.289E-12	-2.64617E+0	-577.324E-3	-264.308E-12	-2.64552E+0	-582.166E-3
-490.000E-3	-262.744E-12	-2.44412E+0	-563.232E-3	-264.558E-12	-2.45790E+0	-567.701E-3
-486.500E-3	-266.079E-12	-2.26679E+0	-557.922E-3	-264.758E-12	-2.27940E+0	-557.000E-3
-483.000E-3	-265.169E-12	-2.10885E+0	-550.818E-3	-264.771E-12	-2.11404E+0	-544.658E-3
-479.500E-3	-264.033E-12	-1.95927E+0	-534.065E-3	-264.954E-12	-1.95483E+0	-531.242E-3
-476.000E-3	-264.506E-12	-1.80233E+0	-503.684E-3	-265.389E-12	-1.79136E+0	-523.166E-3
-472.500E-3	-266.821E-12	-1.62755E+0	-513.783E-3	-265.987E-12	-1.61392E+0	-529.481E-3
-469.000E-3	-267.852E-12	-1.43541E+0	-545.262E-3	-266.208E-12	-1.41491E+0	-553.474E-3
-465.500E-3	-264.859E-12	-1.21059E+0	-588.776E-3	-265.791E-12	-1.18812E+0	-591.024E-3
-462.000E-3	-264.997E-12	-954.191E-3	-634.874E-3	-265.122E-12	-925.909E-3	-632.333E-3
-458.500E-3	-264.609E-12	-659.311E-3	-678.424E-3	-264.402E-12	-621.163E-3	-667.178E-3
-455.000E-3	-264.375E-12	-301.251E-3	-707.132E-3	-263.966E-12	-269.638E-3	-688.834E-3
-451.500E-3	-262.179E-12	99.7267E-3	-698.818E-3	-263.404E-12	128.669E-3	-698.819E-3
-448.000E-3	-264.244E-12	543.836E-3	-693.955E-3	-262.722E-12	568.337E-3	-705.546E-3
-444.500E-3	-261.697E-12	1.02655E+0	-711.915E-3	-261.771E-12	1.03553E+0	-716.769E-3
-441.000E-3	-260.248E-12	1.52654E+0	-736.232E-3	-260.777E-12	1.50883E+0	-735.275E-3
-437.500E-3	-259.556E-12	1.99717E+0	-755.010E-3	-259.862E-12	1.96099E+0	-758.489E-3
-434.000E-3	-259.388E-12	2.41289E+0	-781.663E-3	-259.157E-12	2.36874E+0	-783.419E-3
-430.500E-3	-259.042E-12	2.76014E+0	-812.581E-3	-258.695E-12	2.72224E+0	-807.744E-3
-427.000E-3	-256.837E-12	3.04894E+0	-833.784E-3	-258.353E-12	3.02559E+0	-827.696E-3
-423.500E-3	-259.357E-12	3.30759E+0	-847.414E-3	-258.093E-12	3.28484E+0	-837.122E-3
-420.000E-3	-257.853E-12	3.53980E+0	-847.437E-3	-257.884E-12	3.49890E+0	-830.865E-3
-416.500E-3	-256.874E-12	3.70732E+0	-818.917E-3	-257.775E-12	3.66337E+0	-808.423E-3
-413.000E-3	-258.030E-12	3.80143E+0	-773.158E-3	-257.706E-12	3.78030E+0	-776.085E-3
-409.500E-3	-257.937E-12	3.86906E+0	-732.964E-3	-257.525E-12	3.86034E+0	-744.955E-3
-406.000E-3	-257.953E-12	3.93001E+0	-713.297E-3	-256.698E-12	3.91522E+0	-726.241E-3
-402.500E-3	-255.077E-12	3.96693E+0	-710.905E-3	-255.168E-12	3.95229E+0	-726.703E-3
-399.000E-3	-252.760E-12	3.97706E+0	-732.740E-3	-253.552E-12	3.97796E+0	-744.872E-3
-395.500E-3	-251.847E-12	3.99044E+0	-778.983E-3	-252.235E-12	4.00334E+0	-767.644E-3
-392.000E-3	-251.683E-12	4.02532E+0	-809.121E-3	-251.354E-12	4.03853E+0	-777.630E-3
-388.500E-3	-250.501E-12	4.08394E+0	-779.645E-3	-250.134E-12	4.08515E+0	-763.670E-3
-385.000E-3	-249.817E-12	4.14156E+0	-729.788E-3	-248.453E-12	4.13795E+0	-732.999E-3
-381.500E-3	-244.819E-12	4.19041E+0	-680.442E-3	-246.536E-12	4.19293E+0	-706.707E-3
-378.000E-3	-244.879E-12	4.24406E+0	-678.118E-3	-244.755E-12	4.25028E+0	-702.536E-3
-374.500E-3	-243.800E-12	4.30926E+0	-716.827E-3	-243.037E-12	4.31164E+0	-720.659E-3
-371.000E-3	-241.241E-12	4.37778E+0	-758.180E-3	-241.797E-12	4.37484E+0	-749.741E-3
-367.500E-3	-239.080E-12	4.44238E+0	-781.921E-3	-240.868E-12	4.43254E+0	-776.610E-3
-364.000E-3	-241.742E-12	4.49346E+0	-799.978E-3	-240.495E-12	4.47744E+0	-792.794E-3
-360.500E-3	-240.156E-12	4.51601E+0	-811.499E-3	-240.121E-12	4.51187E+0	-794.280E-3
-357.000E-3	-240.076E-12	4.52609E+0	-791.300E-3	-239.301E-12	4.54901E+0	-784.894E-3
-353.500E-3	-237.730E-12	4.57900E+0	-754.077E-3	-237.904E-12	4.60852E+0	-775.882E-3
-350.000E-3	-236.269E-12	4.67322E+0	-761.319E-3	-236.344E-12	4.70440E+0	-779.199E-3
-346.500E-3	-234.990E-12	4.81881E+0	-797.726E-3	-234.621E-12	4.83673E+0	-795.048E-3
-343.000E-3	-232.746E-12	4.99077E+0	-829.664E-3	-233.287E-12	4.99338E+0	-809.633E-3
-339.500E-3	-230.985E-12	5.16321E+0	-826.864E-3	-232.406E-12	5.16176E+0	-809.522E-3
-336.000E-3	-233.045E-12	5.33065E+0	-792.225E-3	-231.762E-12	5.33457E+0	-796.228E-3
-332.500E-3	-231.615E-12	5.50526E+0	-768.158E-3	-230.764E-12	5.50941E+0	-780.977E-3
-329.000E-3	-229.250E-12	5.69044E+0	-768.245E-3	-229.368E-12	5.68155E+0	-772.539E-3
-325.500E-3	-226.608E-12	5.86207E+0	-773.074E-3	-227.412E-12	5.84464E+0	-771.117E-3
-322.000E-3	-227.102E-12	5.99932E+0	-772.663E-3	-225.579E-12	5.99505E+0	-770.357E-3
-318.500E-3	-222.156E-12	6.13562E+0	-771.565E-3	-224.140E-12	6.13461E+0	-766.883E-3
-315.000E-3	-222.839E-12	6.27203E+0	-757.896E-3	-222.996E-12	6.26699E+0	-767.247E-3
-311.500E-3	-223.553E-12	6.39990E+0	-754.754E-3	-221.834E-12	6.39459E+0	-781.628E-3
-308.000E-3	-219.919E-12	6.51777E+0	-804.552E-3	-220.320E-12	6.51883E+0	-812.187E-3
-304.500E-3	-218.763E-12	6.63786E+0	-866.452E-3	-218.296E-12	6.64304E+0	-850.844E-3
-301.000E-3	-215.344E-12	6.76838E+0	-893.933E-3	-216.132E-12	6.76960E+0	-886.219E-3
-297.500E-3	-214.586E-12	6.90012E+0	-911.288E-3	-214.241E-12	6.89931E+0	-912.613E-3
-294.000E-3	-212.192E-12	7.02731E+0	-935.689E-3	-212.527E-12	7.03242E+0	-930.991E-3
-290.500E-3	-210.783E-12	7.16475E+0	-953.068E-3	-210.704E-12	7.17183E+0	-942.657E-3
-287.000E-3	-209.958E-12	7.31026E+0	-950.253E-3	-208.403E-12	7.32138E+0	-948.499E-3
-283.500E-3	-205.033E-12	7.47563E+0	-944.399E-3	-205.843E-12	7.48397E+0	-954.344E-3
-280.000E-3	-202.481E-12	7.65069E+0	-955.546E-3	-203.535E-12	7.66352E+0	-967.321E-3
-276.500E-3	-201.513E-12	7.84063E+0	-988.774E-3	-201.408E-12	7.86529E+0	-988.411E-3
-273.000E-3	-201.082E-12	8.07446E+0	-1.01951E+0	-199.233E-12	8.08897E+0	-1.00997E+0
-269.500E-3	-195.914E-12	8.33352E+0	-1.03517E+0	-196.893E-12	8.32323E+0	-1.02266E+0
-266.000E-3	-193.158E-12	8.57475E+0	-1.02994E+0	-194.724E-12	8.55172E+0	-1.02123E+0
-262.500E-3	-193.974E-12	8.77199E+0	-1.01378E+0	-192.717E-12	8.76373E+0	-1.00729E+0
-259.000E-3	-191.692E-12	8.96198E+0	-985.495E-3	-190.633E-12	8.96073E+0	-986.336E-3
-255.500E-3	-187.341E-12	9.15184E+0	-959.950E-3	-188.097E-12	9.14942E+0	-966.440E-3
-252.000E-3	-185.124E-12	9.33829E+0	-942.777E-3	-185.415E-12	9.33232E+0	-955.443E-3
-248.500E-3	-182.955E-12	9.51727E+0	-946.497E-3	-183.050E-12	9.50390E+0	-960.115E-3
-245.000E-3	-181.062E-12	9.67696E+0	-969.220E-3	-181.110E-12	9.65558E+0	-983.305E-3
-241.500E-3	-178.830E-12	9.80384E+0	-1.01473E+0	-179.172E-12	9.78050E+0	-1.02304E+0
-238.000E-3	-178.149E-12	9.89364E+0	-1.07352E+0	-177.025E-12	9.87571E+0	-1.07375E+0
-234.500E-3	-174.479E-12	9.95996E+0	-1.12923E+0	-174.736E-12	9.94067E+0	-1.12579E+0
-231.000E-3	-171.498E-12	9.99952E+0	-1.18637E+0	-172.493E-12	9.97851E+0	-1.16523E+0
-227.500E-3	-170.969E-12	10.0000E+0	-1.20992E+0	-170.075E-12	9.99541E+0	-1.17988E+0
-224.000E-3	-168.563E-12	10.0000E+0	-1.18110E+0	-167.418E-12	9.99995E+0	-1.16506E+0
-220.500E-3	-163.431E-12	10.0000E+0	-1.13254E+0	-164.635E-12	10.0000E+0	-1.12610E+0
-217.000E-3	-161.149E-12	10.0000E+0	-1.07399E+0	-161.951E-12	10.0000E+0	-1.07627E+0
-213.500E-3	-160.639E-12	10.0000E+0	-1.01869E+0	-159.420E-12	10.0000E+0	-1.03010E+0
-210.000E-3	-157.166E-12	10.0000E+0	-980.427E-3	-157.009E-12	10.0000E+0	-998.768E-3
-206.500E-3	-153.210E-12	10.0000E+0	-970.890E-3	-154.465E-12	10.0000E+0	-988.704E-3
-203.000E-3	-152.804E-12	10.0000E+0	-990.240E-3	-151.883E-12	10.0000E+0	-997.798E-3
-199.500E-3	-149.496E-12	10.0000E+0	-1.02141E+0	-149.197E-12	10.0000E+0	-1.01537E+0
-196.000E-3	-146.339E-12	10.0000E+0	-1.04269E+0	-146.430E-12	10.0000E+0	-1.02945E+0
-192.500E-3	-142.781E-12	10.0000E+0	-1.03878E+0	-143.574E-12	10.0000E+0	-1.03576E+0
-189.000E-3	-141.539E-12	10.0000E+0	-1.02992E+0	-140.736E-12	10.0000E+0	-1.03765E+0
-185.500E-3	-138.260E-12	10.0000E+0	-1.03957E+0	-137.915E-12	10.0000E+0	-1.03647E+0
-182.000E-3	-133.867E-12	10.0000E+0	-1.04716E+0	-135.071E-12	10.0000E+0	-1.02618E+0
-178.500E-3	-133.006E-12	10.0000E+0	-1.01701E+0	-132.222E-12	10.0000E+0	-999.587E-3
-175.000E-3	-129.498E-12	10.0000E+0	-956.520E-3	-129.221E-12	10.0000E+0	-958.772E-3
-171.500E-3	-126.337E-12	10.0000E+0	-902.719E-3	-126.112E-12	10.0000E+0	-914.271E-3
-168.000E-3	-121.918E-12	10.0000E+0	-871.887E-3	-122.907E-12	10.0000E+0	-875.321E-3
-164.500E-3	-120.315E-12	10.0000E+0	-843.222E-3	-119.725E-12	10.0000E+0	-845.415E-3
-161.000E-3	-117.227E-12	10.0000E+0	-813.410E-3	-116.592E-12	10.0000E+0	-826.971E-3
-157.500E-3	-112.154E-12	10.0000E+0	-805.783E-3	-113.581E-12	10.0000E+0	-823.708E-3
-154.000E-3	-111.057E-12	10.0000E+0	-829.374E-3	-110.695E-12	10.0000E+0	-837.303E-3
-150.500E-3	-108.349E-12	10.0000E+0	-862.721E-3	-108.078E-12	10.0000E+0	-862.912E-3
-147.000E-3	-105.060E-12	10.0000E+0	-895.668E-3	-105.631E-12	10.0000E+0	-889.108E-3
-143.500E-3	-103.344E-12	10.0000E+0	-922.213E-3	-103.038E-12	10.0000E+0	-901.406E-3
-140.000E-3	-100.846E-12	10.0000E+0	-916.783E-3	-100.259E-12	10.0000E+0	-888.914E-3
-136.500E-3	-97.2563E-12	10.0000E+0	-863.128E-3	-97.1764E-12	10.0000E+0	-851.952E-3
-133.000E-3	-93.6841E-12	10.0000E+0	-790.502E-3	-93.8981E-12	10.0000E+0	-806.211E-3
-129.500E-3	-90.4169E-12	10.0000E+0	-744.151E-3	-90.5944E-12	10.0000E+0	-772.832E-3
-126.000E-3	-87.7923E-12	10.0000E+0	-749.227E-3	-87.3360E-12	10.0000E+0	-763.549E-3
-122.500E-3	-83.8060E-12	10.0000E+0	-773.063E-3	-84.1018E-12	10.0000E+0	-774.693E-3
-119.000E-3	-80.6980E-12	10.0000E+0	-796.452E-3	-80.9271E-12	10.0000E+0	-795.488E-3
-115.500E-3	-77.9837E-12	10.0000E+0	-817.512E-3	-77.9140E-12	10.0000E+0	-815.617E-3
-112.000E-3	-74.8213E-12	10.0000E+0	-839.975E-3	-74.8931E-12	10.0000E+0	-826.775E-3
-108.500E-3	-72.4863E-12	10.0000E+0	-842.027E-3	-71.7939E-12	10.0000E+0	-822.903E-3
-105.000E-3	-67.8356E-12	10.0000E+0	-808.534E-3	-68.6658E-12	10.0000E+0	-805.192E-3
-101.500E-3	-65.6929E-12	10.0000E+0	-770.592E-3	-65.5903E-12	10.0000E+0	-784.688E-3
-98.0000E-3	-62.9723E-12	10.0000E+0	-756.595E-3	-62.6182E-12	10.0000E+0	-775.785E-3
-94.5000E-3	-59.2041E-12	10.0000E+0	-774.655E-3	-59.7319E-12	10.0000E+0	-784.961E-3
-91.0000E-3	-57.1565E-12	10.0000E+0	-808.587E-3	-56.7583E-12	10.0000E+0	-806.128E-3
-87.5000E-3	-53.7980E-12	10.0000E+0	-837.377E-3	-53.7877E-12	10.0000E+0	-828.458E-3
-84.0000E-3	-50.5508E-12	10.0000E+0	-849.450E-3	-50.9022E-12	10.0000E+0	-844.368E-3
-80.5000E-3	-48.0643E-12	10.0000E+0	-855.646E-3	-48.0598E-12	10.0000E+0	-852.683E-3
-77.0000E-3	-45.4802E-12	10.0000E+0	-857.259E-3	-45.3582E-12	10.0000E+0	-856.632E-3
-73.5000E-3	-42.4971E-12	10.0000E+0	-857.091E-3	-42.6408E-12	10.0000E+0	-860.333E-3
-70.0000E-3	-40.1617E-12	10.0000E+0	-863.229E-3	-39.9094E-12	10.0000E+0	-866.966E-3
-66.5000E-3	-36.8450E-12	10.0000E+0	-874.212E-3	-37.1570E-12	10.0000E+0	-880.158E-3
-63.0000E-3	-34.6614E-12	10.0000E+0	-892.399E-3	-34.4588E-12	10.0000E+0	-899.538E-3
-59.5000E-3	-31.5876E-12	10.0000E+0	-929.314E-3	-31.8422E-12	10.0000E+0	-919.250E-3
-56.0000E-3	-29.2323E-12	10.0000E+0	-945.832E-3	-29.3634E-12	10.0000E+0	-929.713E-3
-52.5000E-3	-27.0888E-12	10.0000E+0	-937.500E-3	-26.9863E-12	10.0000E+0	-923.412E-3
-49.0000E-3	-24.5286E-12	10.0000E+0	-907.571E-3	-24.6578E-12	10.0000E+0	-899.126E-3
-45.5000E-3	-22.5544E-12	10.0000E+0	-865.288E-3	-22.3161E-12	9.99794E+0	-865.152E-3
-42.0000E-3	-19.7413E-12	10.0000E+0	-819.857E-3	-20.0086E-12	9.97095E+0	-833.288E-3
-38.5000E-3	-17.6624E-12	9.98159E+0	-798.526E-3	-17.7857E-12	9.89043E+0	-813.637E-3
-35.0000E-3	-15.7923E-12	9.77892E+0	-801.366E-3	-15.6252E-12	9.74253E+0	-810.138E-3
-31.5000E-3	-13.4322E-12	9.53719E+0	-815.870E-3	-13.5434E-12	9.54322E+0	-820.066E-3
-28.0000E-3	-11.3846E-12	9.31479E+0	-836.710E-3	-11.4587E-12	9.32524E+0	-833.650E-3
-24.5000E-3	-9.53606E-12	9.10583E+0	-857.368E-3	-9.41471E-12	9.11891E+0	-839.794E-3
-21.0000E-3	-7.21856E-12	8.91572E+0	-845.042E-3	-7.41882E-12	8.93167E+0	-831.226E-3
-17.5000E-3	-5.54632E-12	8.75165E+0	-811.362E-3	-5.45412E-12	8.76216E+0	-808.299E-3
-14.0000E-3	-3.47924E-12	8.60435E+0	-774.895E-3	-3.53859E-12	8.60317E+0	-778.900E-3
-10.5000E-3	-1.56706E-12	8.45608E+0	-743.832E-3	-1.67417E-12	8.44386E+0	-752.765E-3
-7.00000E-3	56.6373E-15	8.28449E+0	-729.158E-3	155.231E-15	8.27587E+0	-736.187E-3
-3.50000E-3	2.06402E-12	8.10051E+0	-721.576E-3	1.92612E-12	8.09782E+0	-730.100E-3
0.00000E+0	3.66288E-12	7.91372E+0	-731.330E-3	3.66056E-12	7.91295E+0	-732.742E-3
3.50000E-3	5.32544E-12	7.72677E+0	-738.928E-3	5.34416E-12	7.72401E+0	-740.037E-3
7.00000E-3	7.11351E-12	7.53637E+0	-750.709E-3	6.98391E-12	7.53352E+0	-748.790E-3
10.5000E-3	8.48868E-12	7.33566E+0	-757.349E-3	8.60722E-12	7.34649E+0	-756.211E-3
14.0000E-3	10.2780E-12	7.15533E+0	-763.797E-3	10.1900E-12	7.16956E+0	-761.617E-3
17.5000E-3	11.8362E-12	6.99834E+0	-765.989E-3	11.7841E-12	7.00840E+0	-765.022E-3
21.0000E-3	13.1436E-12	6.85224E+0	-766.380E-3	13.4001E-12	6.86714E+0	-768.313E-3
24.5000E-3	15.2484E-12	6.72802E+0	-769.790E-3	15.0385E-12	6.74827E+0	-772.888E-3
28.0000E-3	16.6172E-12	6.63623E+0	-779.878E-3	16.6710E-12	6.65475E+0	-779.245E-3
31.5000E-3	18.3398E-12	6.57030E+0	-787.189E-3	18.2851E-12	6.58878E+0	-786.988E-3
35.0000E-3	19.8233E-12	6.53130E+0	-793.588E-3	19.8919E-12	6.54938E+0	-795.189E-3
38.5000E-3	21.4472E-12	6.52104E+0	-804.719E-3	21.5294E-12	6.53179E+0	-800.854E-3
42.0000E-3	23.3458E-12	6.52736E+0	-811.615E-3	23.1798E-12	6.52961E+0	-799.972E-3
45.5000E-3	24.7091E-12	6.53288E+0	-796.613E-3	24.7832E-12	6.53792E+0	-790.681E-3
49.0000E-3	26.5151E-12	6.54524E+0	-771.764E-3	26.2385E-12	6.55299E+0	-776.787E-3
52.5000E-3	27.6973E-12	6.57535E+0	-756.248E-3	27.5965E-12	6.56994E+0	-766.511E-3
56.0000E-3	28.5288E-12	6.59492E+0	-757.120E-3	29.0460E-12	6.58057E+0	-767.423E-3
59.5000E-3	30.5257E-12	6.59173E+0	-773.069E-3	30.6932E-12	6.57858E+0	-780.818E-3
63.0000E-3	32.7055E-12	6.56434E+0	-802.796E-3	32.5052E-12	6.56536E+0	-802.232E-3
66.5000E-3	34.4664E-12	6.54166E+0	-830.089E-3	34.3428E-12	6.54930E+0	-825.014E-3
70.0000E-3	35.9759E-12	6.53294E+0	-848.578E-3	36.1103E-12	6.53876E+0	-841.648E-3
73.5000E-3	37.8325E-12	6.53041E+0	-860.314E-3	37.8162E-12	6.53951E+0	-845.720E-3
77.0000E-3	39.7143E-12	6.54055E+0	-846.614E-3	39.4256E-12	6.55437E+0	-835.474E-3
80.5000E-3	40.9990E-12	6.57378E+0	-813.731E-3	40.8947E-12	6.58205E+0	-816.003E-3
84.0000E-3	42.1323E-12	6.62298E+0	-785.533E-3	42.2676E-12	6.61392E+0	-797.510E-3
87.5000E-3	43.5527E-12	6.65732E+0	-777.571E-3	43.6661E-12	6.63614E+0	-789.586E-3
91.0000E-3	45.1541E-12	6.65571E+0	-788.834E-3	45.0793E-12	6.63781E+0	-792.641E-3
94.5000E-3	46.7383E-12	6.62734E+0	-808.271E-3	46.5071E-12	6.61574E+0	-799.330E-3
98.0000E-3	47.5423E-12	6.58484E+0	-808.912E-3	47.9869E-12	6.57258E+0	-802.552E-3
101.500E-3	49.5058E-12	6.52341E+0	-798.717E-3	49.5780E-12	6.51150E+0	-800.458E-3
105.000E-3	51.4560E-12	6.44426E+0	-794.992E-3	51.2662E-12	6.43520E+0	-795.271E-3
108.500E-3	52.9475E-12	6.35034E+0	-791.051E-3	52.8592E-12	6.34813E+0	-789.438E-3
112.000E-3	54.6420E-12	6.25385E+0	-784.027E-3	54.1858E-12	6.25367E+0	-783.774E-3
115.500E-3	55.1689E-12	6.16294E+0	-775.471E-3	55.2814E-12	6.15147E+0	-778.548E-3
119.000E-3	56.2159E-12	6.04996E+0	-774.037E-3	56.3027E-12	6.04039E+0	-773.372E-3
122.500E-3	57.2960E-12	5.91959E+0	-772.362E-3	57.4495E-12	5.92164E+0	-767.384E-3
126.000E-3	58.4966E-12	5.79722E+0	-758.601E-3	58.8730E-12	5.80149E+0	-760.950E-3
129.500E-3	60.5425E-12	5.67770E+0	-750.276E-3	60.4308E-12	5.69345E+0	-755.461E-3
133.000E-3	62.3577E-12	5.57666E+0	-752.688E-3	61.8805E-12	5.61217E+0	-752.391E-3
136.500E-3	63.2775E-12	5.53769E+0	-751.874E-3	63.2076E-12	5.56546E+0	-749.808E-3
140.000E-3	63.8424E-12	5.54258E+0	-750.948E-3	64.4654E-12	5.54876E+0	-743.320E-3
143.500E-3	66.1381E-12	5.55342E+0	-735.218E-3	65.7656E-12	5.54788E+0	-731.882E-3
147.000E-3	67.2406E-12	5.55122E+0	-712.257E-3	67.0850E-12	5.54956E+0	-719.758E-3
150.500E-3	68.1901E-12	5.54718E+0	-704.003E-3	68.4639E-12	5.54988E+0	-712.668E-3
154.000E-3	69.5693E-12	5.54893E+0	-709.582E-3	69.8524E-12	5.55140E+0	-712.260E-3
157.500E-3	71.7837E-12	5.55288E+0	-721.068E-3	71.2087E-12	5.55512E+0	-715.517E-3
161.000E-3	72.6642E-12	5.56414E+0	-718.371E-3	72.5236E-12	5.55480E+0	-717.375E-3
164.500E-3	73.0534E-12	5.56320E+0	-718.460E-3	73.7777E-12	5.53834E+0	-716.148E-3
168.000E-3	75.5407E-12	5.52156E+0	-712.342E-3	75.0144E-12	5.49738E+0	-715.854E-3
171.500E-3	76.3658E-12	5.43715E+0	-708.289E-3	76.2740E-12	5.43496E+0	-722.378E-3
175.000E-3	77.2248E-12	5.35307E+0	-733.376E-3	77.5766E-12	5.36626E+0	-736.202E-3
178.500E-3	78.7845E-12	5.29085E+0	-762.556E-3	78.8464E-12	5.30772E+0	-751.273E-3
182.000E-3	80.5752E-12	5.25637E+0	-771.040E-3	80.1613E-12	5.26732E+0	-757.746E-3
185.500E-3	81.2685E-12	5.23686E+0	-759.629E-3	81.3034E-12	5.24303E+0	-749.668E-3
189.000E-3	82.5434E-12	5.22602E+0	-731.803E-3	82.1958E-12	5.23140E+0	-729.645E-3
192.500E-3	82.8335E-12	5.21981E+0	-702.278E-3	83.1144E-12	5.23180E+0	-704.441E-3
196.000E-3	83.4845E-12	5.23403E+0	-676.844E-3	84.2962E-12	5.24565E+0	-681.813E-3
199.500E-3	86.1495E-12	5.26685E+0	-655.632E-3	85.7865E-12	5.27166E+0	-667.382E-3
203.000E-3	87.4287E-12	5.30669E+0	-657.429E-3	87.4622E-12	5.30667E+0	-662.207E-3
206.500E-3	89.1499E-12	5.34214E+0	-665.466E-3	89.1597E-12	5.34837E+0	-661.670E-3
210.000E-3	90.7367E-12	5.38847E+0	-667.576E-3	90.7093E-12	5.39575E+0	-659.522E-3
213.500E-3	92.5227E-12	5.45021E+0	-653.865E-3	92.2909E-12	5.44627E+0	-651.175E-3
217.000E-3	93.3774E-12	5.50285E+0	-639.114E-3	93.6594E-12	5.49535E+0	-639.161E-3
220.500E-3	95.7919E-12	5.54232E+0	-620.385E-3	94.7721E-12	5.53807E+0	-628.720E-3
224.000E-3	95.2404E-12	5.57801E+0	-619.495E-3	95.6798E-12	5.56961E+0	-625.263E-3
227.500E-3	96.2107E-12	5.60441E+0	-623.758E-3	96.7360E-12	5.58506E+0	-630.031E-3
231.000E-3	97.8156E-12	5.59759E+0	-640.606E-3	98.0139E-12	5.58165E+0	-642.488E-3
234.500E-3	99.9887E-12	5.56362E+0	-656.651E-3	99.5266E-12	5.56474E+0	-661.285E-3
238.000E-3	100.963E-12	5.53197E+0	-680.269E-3	100.791E-12	5.54759E+0	-686.407E-3
241.500E-3	102.168E-12	5.52796E+0	-714.998E-3	101.799E-12	5.54337E+0	-715.781E-3
245.000E-3	102.085E-12	5.54771E+0	-751.360E-3	102.723E-12	5.55394E+0	-744.829E-3
248.500E-3	103.775E-12	5.57998E+0	-776.894E-3	103.977E-12	5.56954E+0	-767.383E-3
252.000E-3	105.166E-12	5.59272E+0	-786.904E-3	105.538E-12	5.57896E+0	-780.407E-3
255.500E-3	107.825E-12	5.57991E+0	-786.508E-3	107.196E-12	5.57983E+0	-785.217E-3
259.000E-3	108.893E-12	5.56863E+0	-786.318E-3	108.439E-12	5.57918E+0	-786.403E-3
262.500E-3	109.614E-12	5.57585E+0	-784.124E-3	109.541E-12	5.58761E+0	-788.592E-3
266.000E-3	109.292E-12	5.59986E+0	-790.739E-3	110.760E-12	5.61125E+0	-793.602E-3
269.500E-3	112.960E-12	5.64150E+0	-803.091E-3	112.393E-12	5.64844E+0	-799.959E-3
273.000E-3	114.383E-12	5.69574E+0	-808.641E-3	113.994E-12	5.69221E+0	-804.816E-3
276.500E-3	115.980E-12	5.74258E+0	-808.418E-3	115.342E-12	5.73565E+0	-803.955E-3
280.000E-3	115.622E-12	5.77574E+0	-804.520E-3	116.453E-12	5.77454E+0	-796.370E-3
283.500E-3	117.432E-12	5.81055E+0	-781.574E-3	117.917E-12	5.80732E+0	-785.034E-3
287.000E-3	119.710E-12	5.84151E+0	-767.766E-3	119.740E-12	5.83241E+0	-773.628E-3
290.500E-3	122.240E-12	5.85778E+0	-766.362E-3	121.533E-12	5.84638E+0	-763.429E-3
294.000E-3	123.536E-12	5.85692E+0	-757.232E-3	123.040E-12	5.84510E+0	-751.826E-3
297.500E-3	123.336E-12	5.83924E+0	-741.244E-3	124.234E-12	5.82827E+0	-735.149E-3
301.000E-3	126.087E-12	5.80214E+0	-712.824E-3	125.336E-12	5.80075E+0	-716.818E-3
304.500E-3	126.222E-12	5.76363E+0	-687.884E-3	126.454E-12	5.76954E+0	-705.925E-3
308.000E-3	127.456E-12	5.73795E+0	-696.808E-3	127.695E-12	5.74012E+0	-708.314E-3
311.500E-3	128.860E-12	5.71376E+0	-724.339E-3	128.927E-12	5.71418E+0	-722.795E-3
315.000E-3	130.602E-12	5.69006E+0	-744.403E-3	130.343E-12	5.69064E+0	-741.371E-3
318.500E-3	131.387E-12	5.66665E+0	-762.779E-3	131.785E-12	5.66924E+0	-756.874E-3
322.000E-3	133.457E-12	5.64676E+0	-768.427E-3	133.272E-12	5.65216E+0	-767.246E-3
325.500E-3	134.755E-12	5.63528E+0	-775.298E-3	134.693E-12	5.64164E+0	-771.656E-3
329.000E-3	136.291E-12	5.63401E+0	-779.292E-3	135.971E-12	5.63846E+0	-768.320E-3
332.500E-3	137.064E-12	5.63926E+0	-761.302E-3	136.884E-12	5.64042E+0	-756.281E-3
336.000E-3	137.872E-12	5.64733E+0	-738.478E-3	137.609E-12	5.63845E+0	-736.769E-3
339.500E-3	137.689E-12	5.64768E+0	-712.595E-3	138.229E-12	5.61730E+0	-714.645E-3
343.000E-3	139.197E-12	5.59748E+0	-688.844E-3	139.074E-12	5.56331E+0	-695.635E-3
346.500E-3	139.565E-12	5.49116E+0	-677.728E-3	140.522E-12	5.47374E+0	-683.133E-3
350.000E-3	141.836E-12	5.36054E+0	-673.253E-3	142.624E-12	5.36083E+0	-679.132E-3
353.500E-3	145.979E-12	5.23018E+0	-677.187E-3	144.729E-12	5.24261E+0	-683.535E-3
357.000E-3	147.571E-12	5.12562E+0	-692.495E-3	146.383E-12	5.12871E+0	-693.597E-3
360.500E-3	146.603E-12	5.02583E+0	-709.393E-3	147.308E-12	5.01681E+0	-703.994E-3
364.000E-3	148.092E-12	4.90827E+0	-718.237E-3	147.903E-12	4.90000E+0	-708.078E-3
367.500E-3	148.342E-12	4.77838E+0	-710.315E-3	148.552E-12	4.77522E+0	-703.085E-3
371.000E-3	149.545E-12	4.64304E+0	-688.522E-3	149.305E-12	4.64646E+0	-693.037E-3
374.500E-3	149.944E-12	4.51414E+0	-675.879E-3	150.096E-12	4.52025E+0	-687.306E-3
378.000E-3	150.548E-12	4.39478E+0	-679.858E-3	150.997E-12	4.40229E+0	-692.555E-3
381.500E-3	152.474E-12	4.28439E+0	-708.554E-3	151.854E-12	4.29583E+0	-709.049E-3
385.000E-3	152.768E-12	4.19475E+0	-732.531E-3	152.725E-12	4.19891E+0	-730.297E-3
388.500E-3	152.905E-12	4.11315E+0	-755.647E-3	153.778E-12	4.10386E+0	-746.268E-3
392.000E-3	154.933E-12	4.01495E+0	-767.025E-3	154.957E-12	4.00365E+0	-748.145E-3
395.500E-3	157.148E-12	3.89384E+0	-743.622E-3	156.000E-12	3.89658E+0	-733.589E-3
399.000E-3	156.918E-12	3.78246E+0	-706.126E-3	156.432E-12	3.78560E+0	-707.060E-3
402.500E-3	156.286E-12	3.67845E+0	-671.608E-3	156.425E-12	3.67359E+0	-678.324E-3
406.000E-3	155.400E-12	3.56252E+0	-647.280E-3	156.509E-12	3.56007E+0	-656.110E-3
409.500E-3	157.206E-12	3.44477E+0	-638.147E-3	157.233E-12	3.44440E+0	-643.713E-3
413.000E-3	158.112E-12	3.32448E+0	-635.313E-3	158.392E-12	3.33217E+0	-641.400E-3
416.500E-3	160.270E-12	3.21317E+0	-641.180E-3	159.473E-12	3.23162E+0	-647.946E-3
420.000E-3	160.683E-12	3.13627E+0	-659.412E-3	159.913E-12	3.14606E+0	-660.307E-3
423.500E-3	159.893E-12	3.07393E+0	-678.603E-3	160.114E-12	3.07276E+0	-676.987E-3
427.000E-3	158.906E-12	3.00484E+0	-689.491E-3	160.539E-12	3.00716E+0	-696.902E-3
430.500E-3	161.914E-12	2.93848E+0	-719.137E-3	161.609E-12	2.94714E+0	-718.754E-3
434.000E-3	163.293E-12	2.88845E+0	-746.210E-3	163.129E-12	2.89449E+0	-740.040E-3
437.500E-3	164.659E-12	2.84598E+0	-761.694E-3	164.625E-12	2.85038E+0	-757.527E-3
441.000E-3	166.243E-12	2.81013E+0	-772.229E-3	165.438E-12	2.81300E+0	-768.854E-3
444.500E-3	166.639E-12	2.77884E+0	-777.423E-3	165.538E-12	2.77824E+0	-773.979E-3
448.000E-3	164.499E-12	2.74789E+0	-779.345E-3	165.596E-12	2.74238E+0	-769.607E-3
451.500E-3	164.133E-12	2.70558E+0	-769.248E-3	165.969E-12	2.70505E+0	-749.922E-3
455.000E-3	168.818E-12	2.66034E+0	-724.730E-3	166.860E-12	2.67021E+0	-712.956E-3
458.500E-3	167.368E-12	2.63382E+0	-660.926E-3	167.861E-12	2.64144E+0	-665.327E-3
462.000E-3	168.595E-12	2.62153E+0	-605.542E-3	168.466E-12	2.61756E+0	-619.530E-3
465.500E-3	169.351E-12	2.60011E+0	-574.178E-3	168.667E-12	2.59412E+0	-587.082E-3
469.000E-3	168.214E-12	2.56648E+0	-560.728E-3	168.976E-12	2.56907E+0	-571.602E-3
472.500E-3	169.222E-12	2.53856E+0	-565.027E-3	169.579E-12	2.54615E+0	-573.120E-3
476.000E-3	170.116E-12	2.52247E+0	-575.687E-3	170.482E-12	2.53067E+0	-592.066E-3
479.500E-3	172.528E-12	2.51988E+0	-614.858E-3	171.262E-12	2.52448E+0	-626.080E-3
483.000E-3	172.077E-12	2.52324E+0	-676.922E-3	171.629E-12	2.52438E+0	-667.195E-3
486.500E-3	170.564E-12	2.52980E+0	-716.691E-3	171.806E-12	2.52593E+0	-704.398E-3
490.000E-3	172.274E-12	2.52743E+0	-738.280E-3	172.050E-12	2.52709E+0	-729.244E-3
493.500E-3	172.892E-12	2.52399E+0	-746.956E-3	172.567E-12	2.53005E+0	-739.393E-3
497.000E-3	172.777E-12	2.53088E+0	-746.077E-3	173.228E-12	2.53744E+0	-737.858E-3
500.500E-3	173.865E-12	2.55055E+0	-729.737E-3	173.947E-12	2.55059E+0	-728.768E-3
504.000E-3	174.773E-12	2.56606E+0	-713.029E-3	174.932E-12	2.56863E+0	-717.228E-3
507.500E-3	175.957E-12	2.58627E+0	-704.617E-3	176.042E-12	2.58903E+0	-705.932E-3
511.000E-3	177.608E-12	2.61429E+0	-700.012E-3	176.975E-12	2.60918E+0	-696.841E-3
514.500E-3	177.824E-12	2.63016E+0	-683.207E-3	177.314E-12	2.62710E+0	-692.882E-3
518.000E-3	177.811E-12	2.64251E+0	-684.439E-3	177.452E-12	2.64158E+0	-696.936E-3
521.500E-3	175.608E-12	2.65413E+0	-710.230E-3	177.758E-12	2.65310E+0	-707.797E-3
525.000E-3	179.434E-12	2.66401E+0	-728.748E-3	178.401E-12	2.66285E+0	-719.094E-3
528.500E-3	179.875E-12	2.67259E+0	-730.865E-3	179.134E-12	2.67061E+0	-723.378E-3
532.000E-3	178.978E-12	2.67786E+0	-721.354E-3	179.923E-12	2.67676E+0	-719.098E-3
535.500E-3	180.345E-12	2.68037E+0	-709.093E-3	180.669E-12	2.68477E+0	-711.308E-3
539.000E-3	182.191E-12	2.68768E+0	-699.580E-3	181.562E-12	2.69905E+0	-706.847E-3
542.500E-3	182.699E-12	2.71743E+0	-701.329E-3	182.351E-12	2.72035E+0	-709.376E-3
546.000E-3	182.607E-12	2.75174E+0	-719.025E-3	182.555E-12	2.74284E+0	-717.070E-3
549.500E-3	183.205E-12	2.77092E+0	-731.845E-3	182.595E-12	2.75759E+0	-723.336E-3
553.000E-3	181.100E-12	2.76817E+0	-731.295E-3	183.036E-12	2.75849E+0	-723.253E-3
556.500E-3	183.969E-12	2.75146E+0	-714.494E-3	184.067E-12	2.74805E+0	-716.366E-3
560.000E-3	186.394E-12	2.72752E+0	-705.971E-3	185.230E-12	2.73723E+0	-704.851E-3
563.500E-3	186.553E-12	2.71682E+0	-696.377E-3	185.875E-12	2.74149E+0	-690.522E-3
567.000E-3	186.063E-12	2.74576E+0	-672.886E-3	185.919E-12	2.77191E+0	-676.156E-3
570.500E-3	184.435E-12	2.81911E+0	-655.265E-3	186.142E-12	2.82758E+0	-666.704E-3
574.000E-3	186.848E-12	2.90413E+0	-656.645E-3	186.935E-12	2.89433E+0	-667.119E-3
577.500E-3	189.044E-12	2.97251E+0	-676.329E-3	188.058E-12	2.95370E+0	-678.956E-3
581.000E-3	188.871E-12	3.00999E+0	-695.424E-3	189.421E-12	2.99409E+0	-699.307E-3
584.500E-3	189.845E-12	3.02295E+0	-722.154E-3	190.569E-12	3.01515E+0	-721.209E-3
588.000E-3	193.392E-12	3.02539E+0	-752.802E-3	191.259E-12	3.02430E+0	-735.589E-3
591.500E-3	191.686E-12	3.02584E+0	-751.222E-3	191.671E-12	3.03309E+0	-737.236E-3
595.000E-3	189.936E-12	3.03520E+0	-724.311E-3	191.995E-12	3.05539E+0	-729.801E-3
598.500E-3	193.486E-12	3.07481E+0	-708.708E-3	192.602E-12	3.09985E+0	-724.653E-3
602.000E-3	193.695E-12	3.16173E+0	-721.030E-3	193.613E-12	3.16407E+0	-732.084E-3
605.500E-3	194.447E-12	3.24778E+0	-749.825E-3	194.784E-12	3.23574E+0	-752.895E-3
609.000E-3	195.566E-12	3.31107E+0	-781.838E-3	195.281E-12	3.30194E+0	-779.324E-3
612.500E-3	197.649E-12	3.36117E+0	-811.614E-3	195.540E-12	3.36031E+0	-800.194E-3
616.000E-3	192.846E-12	3.40665E+0	-824.878E-3	195.821E-12	3.41762E+0	-805.008E-3
619.500E-3	196.544E-12	3.47665E+0	-806.124E-3	196.603E-12	3.47752E+0	-789.458E-3
623.000E-3	198.766E-12	3.54856E+0	-757.824E-3	197.884E-12	3.53588E+0	-758.962E-3
626.500E-3	199.088E-12	3.59589E+0	-713.989E-3	199.509E-12	3.58783E+0	-726.282E-3
630.000E-3	200.817E-12	3.62895E+0	-691.509E-3	201.008E-12	3.63625E+0	-704.203E-3
633.500E-3	202.424E-12	3.67318E+0	-686.700E-3	202.326E-12	3.69068E+0	-696.639E-3
637.000E-3	204.840E-12	3.75107E+0	-701.422E-3	203.319E-12	3.75403E+0	-697.598E-3
640.500E-3	203.168E-12	3.83583E+0	-707.041E-3	203.938E-12	3.81480E+0	-698.377E-3
644.000E-3	203.902E-12	3.88510E+0	-696.375E-3	204.617E-12	3.85528E+0	-694.547E-3
647.500E-3	205.712E-12	3.88535E+0	-684.290E-3	205.412E-12	3.86683E+0	-688.069E-3
651.000E-3	207.086E-12	3.85594E+0	-677.968E-3	206.323E-12	3.85589E+0	-684.254E-3
654.500E-3	206.491E-12	3.83183E+0	-683.169E-3	207.128E-12	3.83476E+0	-686.018E-3
658.000E-3	207.605E-12	3.81507E+0	-691.443E-3	207.746E-12	3.81155E+0	-692.223E-3
661.500E-3	209.352E-12	3.78894E+0	-701.047E-3	208.346E-12	3.78918E+0	-699.912E-3
665.000E-3	208.043E-12	3.76253E+0	-709.081E-3	209.054E-12	3.76952E+0	-706.694E-3
668.500E-3	209.672E-12	3.74874E+0	-712.088E-3	209.904E-12	3.75534E+0	-711.975E-3
672.000E-3	211.310E-12	3.74587E+0	-715.987E-3	210.789E-12	3.74634E+0	-715.946E-3
675.500E-3	212.051E-12	3.74446E+0	-720.228E-3	211.651E-12	3.73813E+0	-718.749E-3
679.000E-3	211.810E-12	3.73035E+0	-721.802E-3	212.353E-12	3.72726E+0	-723.494E-3
682.500E-3	212.930E-12	3.71038E+0	-720.773E-3	213.084E-12	3.71315E+0	-735.089E-3
686.000E-3	214.288E-12	3.69956E+0	-748.276E-3	214.010E-12	3.69652E+0	-754.182E-3
689.500E-3	214.686E-12	3.68172E+0	-789.078E-3	214.972E-12	3.67879E+0	-774.785E-3
693.000E-3	216.307E-12	3.65642E+0	-799.471E-3	215.819E-12	3.66121E+0	-789.311E-3
696.500E-3	216.410E-12	3.64264E+0	-793.805E-3	216.545E-12	3.64525E+0	-794.571E-3
700.000E-3	217.175E-12	3.63174E+0	-793.704E-3	217.175E-12	3.63174E+0	-793.704E-3
