Experiment	bias spectroscopy	
Date	16.08.2023 16:30:28	
User		
X (m)	-633.437E-9	
Y (m)	650.955E-9	
Z (m)	-127.041E-9	
Z offset (m)	0E+0	
Settling time (s)	100E-6	
Integration time (s)	25E-3	
Z-Ctrl hold	TRUE	
Final Z (m)	N/A	
Filter type	Gaussian	
Order	2	
Cutoff frq		

[DATA]
Bias calc (V)	Current (A)	Lock In X (V)	Lock In Y (V)	Current (A) [filt]	Lock In X (V) [filt]	Lock In Y (V) [filt]
-60.0000E-3	-202.965E-12	3.59976E+0	-92.2749E-3	-202.965E-12	3.59976E+0	-92.2749E-3
-59.4000E-3	-197.942E-12	3.62442E+0	-103.053E-3	-197.451E-12	3.61946E+0	-103.333E-3
-58.8000E-3	-190.106E-12	3.64096E+0	-115.952E-3	-192.857E-12	3.63401E+0	-112.085E-3
-58.2000E-3	-189.459E-12	3.64654E+0	-122.628E-3	-189.224E-12	3.64049E+0	-115.276E-3
-57.6000E-3	-186.659E-12	3.64311E+0	-118.182E-3	-186.626E-12	3.63853E+0	-110.897E-3
-57.0000E-3	-183.436E-12	3.63361E+0	-99.9309E-3	-184.594E-12	3.63120E+0	-100.170E-3
-56.4000E-3	-183.817E-12	3.61708E+0	-84.4240E-3	-182.118E-12	3.62468E+0	-87.3058E-3
-55.8000E-3	-180.153E-12	3.61397E+0	-73.5643E-3	-178.715E-12	3.62495E+0	-76.1628E-3
-55.2000E-3	-174.329E-12	3.63072E+0	-66.6268E-3	-173.980E-12	3.63380E+0	-69.0770E-3
-54.6000E-3	-168.566E-12	3.65060E+0	-62.1568E-3	-168.511E-12	3.64737E+0	-65.5237E-3
-54.0000E-3	-161.591E-12	3.66534E+0	-65.5411E-3	-163.071E-12	3.65744E+0	-62.4766E-3
-53.4000E-3	-159.052E-12	3.66919E+0	-64.2629E-3	-158.333E-12	3.65591E+0	-57.0216E-3
-52.8000E-3	-152.707E-12	3.65233E+0	-46.8919E-3	-154.370E-12	3.63795E+0	-49.2711E-3
-52.2000E-3	-151.157E-12	3.61275E+0	-35.6116E-3	-150.973E-12	3.60309E+0	-41.6766E-3
-51.6000E-3	-148.559E-12	3.55873E+0	-36.6478E-3	-147.719E-12	3.55754E+0	-37.2625E-3
-51.0000E-3	-143.834E-12	3.50040E+0	-35.1818E-3	-144.519E-12	3.51247E+0	-36.8879E-3
-50.4000E-3	-141.391E-12	3.46357E+0	-37.2039E-3	-141.542E-12	3.47655E+0	-38.1655E-3
-49.8000E-3	-137.813E-12	3.45064E+0	-42.6413E-3	-138.284E-12	3.45185E+0	-38.5247E-3
-49.2000E-3	-137.979E-12	3.43403E+0	-39.1384E-3	-135.191E-12	3.43486E+0	-36.4270E-3
-48.6000E-3	-128.085E-12	3.41949E+0	-32.1747E-3	-132.262E-12	3.42032E+0	-30.5066E-3
-48.0000E-3	-130.907E-12	3.40758E+0	-24.1260E-3	-129.711E-12	3.40602E+0	-21.3431E-3
-47.4000E-3	-128.829E-12	3.39026E+0	-9.07161E-3	-126.644E-12	3.39401E+0	-11.3297E-3
-46.8000E-3	-123.499E-12	3.37861E+0	968.316E-6	-122.990E-12	3.38616E+0	-3.03672E-3
-46.2000E-3	-116.895E-12	3.38260E+0	4.43244E-3	-118.403E-12	3.38155E+0	1.77811E-3
-45.6000E-3	-114.229E-12	3.38413E+0	4.12942E-3	-114.031E-12	3.37637E+0	2.72561E-3
-45.0000E-3	-110.120E-12	3.37076E+0	2.14926E-3	-110.272E-12	3.36593E+0	1.27631E-3
-44.4000E-3	-106.238E-12	3.35173E+0	-1.72631E-3	-107.355E-12	3.34784E+0	-749.781E-6
-43.8000E-3	-104.222E-12	3.32770E+0	-3.93625E-3	-104.566E-12	3.32430E+0	-1.87571E-3
-43.2000E-3	-104.292E-12	3.29512E+0	-2.36601E-3	-101.553E-12	3.29941E+0	-2.19044E-3
-42.6000E-3	-96.9841E-12	3.27230E+0	422.108E-6	-98.2039E-12	3.27591E+0	-3.93391E-3
-42.0000E-3	-93.4434E-12	3.25622E+0	-4.01215E-3	-94.6450E-12	3.25458E+0	-9.30311E-3
-41.4000E-3	-92.6911E-12	3.23498E+0	-18.9260E-3	-91.1212E-12	3.23457E+0	-17.8623E-3
-40.8000E-3	-87.4486E-12	3.21355E+0	-30.8390E-3	-87.8250E-12	3.21442E+0	-26.4674E-3
-40.2000E-3	-83.8501E-12	3.19435E+0	-35.1040E-3	-84.4180E-12	3.19498E+0	-31.8657E-3
-39.6000E-3	-81.3434E-12	3.17395E+0	-34.7207E-3	-80.8228E-12	3.17825E+0	-32.8740E-3
-39.0000E-3	-77.7814E-12	3.16193E+0	-32.1321E-3	-77.3006E-12	3.16401E+0	-31.0982E-3
-38.4000E-3	-72.8120E-12	3.15513E+0	-26.7388E-3	-73.7596E-12	3.14975E+0	-28.6493E-3
-37.8000E-3	-70.3879E-12	3.13709E+0	-25.8418E-3	-70.4798E-12	3.13278E+0	-26.7560E-3
-37.2000E-3	-67.3753E-12	3.11196E+0	-26.3421E-3	-67.6445E-12	3.11150E+0	-25.3244E-3
-36.6000E-3	-65.0625E-12	3.08862E+0	-24.7779E-3	-65.1200E-12	3.08672E+0	-23.6347E-3
-36.0000E-3	-62.8670E-12	3.06084E+0	-21.2058E-3	-62.6324E-12	3.06135E+0	-22.0469E-3
-35.4000E-3	-60.0037E-12	3.03258E+0	-17.7310E-3	-59.9821E-12	3.03839E+0	-22.0907E-3
-34.8000E-3	-57.6718E-12	3.01533E+0	-23.3931E-3	-57.1968E-12	3.01926E+0	-25.0075E-3
-34.2000E-3	-53.6263E-12	3.00521E+0	-30.3702E-3	-54.1497E-12	3.00238E+0	-29.5055E-3
-33.6000E-3	-51.8521E-12	2.98992E+0	-37.2496E-3	-51.0865E-12	2.98327E+0	-32.7092E-3
-33.0000E-3	-47.1258E-12	2.96344E+0	-35.4754E-3	-48.0392E-12	2.95790E+0	-32.8893E-3
-32.4000E-3	-45.4279E-12	2.92861E+0	-28.7787E-3	-45.1972E-12	2.92587E+0	-31.3366E-3
-31.8000E-3	-42.3908E-12	2.88976E+0	-27.8504E-3	-42.5113E-12	2.88881E+0	-30.1628E-3
-31.2000E-3	-39.7736E-12	2.85128E+0	-30.9947E-3	-39.9003E-12	2.84766E+0	-31.0428E-3
-30.6000E-3	-37.8455E-12	2.80677E+0	-32.3052E-3	-37.2266E-12	2.80117E+0	-33.5668E-3
-30.0000E-3	-33.7951E-12	2.75430E+0	-37.5234E-3	-34.4646E-12	2.74617E+0	-36.1003E-3
-29.4000E-3	-32.2525E-12	2.69052E+0	-39.7813E-3	-31.7203E-12	2.67916E+0	-37.5118E-3
-28.8000E-3	-28.5013E-12	2.60852E+0	-37.5789E-3	-29.2712E-12	2.59861E+0	-37.6018E-3
-28.2000E-3	-26.5705E-12	2.51109E+0	-36.3826E-3	-27.1696E-12	2.50653E+0	-36.3416E-3
-27.6000E-3	-26.2465E-12	2.40665E+0	-35.7098E-3	-25.2213E-12	2.40874E+0	-33.6946E-3
-27.0000E-3	-22.8501E-12	2.30570E+0	-31.5087E-3	-23.3052E-12	2.31197E+0	-28.9434E-3
-26.4000E-3	-21.3178E-12	2.21609E+0	-23.2697E-3	-21.3550E-12	2.21989E+0	-21.5445E-3
-25.8000E-3	-19.2572E-12	2.13238E+0	-12.2175E-3	-19.4740E-12	2.13171E+0	-12.3041E-3
-25.2000E-3	-17.8408E-12	2.04703E+0	-1.34117E-3	-17.8478E-12	2.04416E+0	-2.81626E-3
-24.6000E-3	-16.2411E-12	1.95650E+0	6.67105E-3	-16.2903E-12	1.95422E+0	5.59699E-3
-24.0000E-3	-14.8146E-12	1.86319E+0	13.4451E-3	-14.8377E-12	1.86063E+0	12.2396E-3
-23.4000E-3	-13.2988E-12	1.76604E+0	18.5655E-3	-13.4392E-12	1.76352E+0	17.0621E-3
-22.8000E-3	-12.1847E-12	1.66456E+0	20.9404E-3	-12.0971E-12	1.66385E+0	20.4650E-3
-22.2000E-3	-10.7634E-12	1.56220E+0	22.8130E-3	-10.8175E-12	1.56293E+0	22.8190E-3
-21.6000E-3	-9.42132E-12	1.46144E+0	25.2431E-3	-9.64246E-12	1.46198E+0	24.0786E-3
-21.0000E-3	-8.54459E-12	1.36154E+0	25.9337E-3	-8.60583E-12	1.36162E+0	24.0156E-3
-20.4000E-3	-7.65259E-12	1.26132E+0	22.8033E-3	-7.72307E-12	1.26281E+0	22.6494E-3
-19.8000E-3	-6.90637E-12	1.16227E+0	19.9718E-3	-6.93648E-12	1.16780E+0	20.4100E-3
-19.2000E-3	-6.20621E-12	1.07206E+0	18.3533E-3	-6.16304E-12	1.07956E+0	17.5584E-3
-18.6000E-3	-5.44023E-12	993.844E-3	15.3645E-3	-5.38304E-12	1.00008E+0	14.1276E-3
-18.0000E-3	-4.51270E-12	924.539E-3	9.68772E-3	-4.60167E-12	929.652E-3	10.2015E-3
-17.4000E-3	-3.80407E-12	862.402E-3	5.37403E-3	-3.84835E-12	867.544E-3	6.12617E-3
-16.8000E-3	-3.15230E-12	807.620E-3	2.73556E-3	-3.11874E-12	813.558E-3	2.27921E-3
-16.2000E-3	-2.44399E-12	761.421E-3	-1.42956E-3	-2.38706E-12	768.559E-3	-1.00967E-3
-15.6000E-3	-1.61116E-12	725.690E-3	-5.07009E-3	-1.60176E-12	734.175E-3	-3.22155E-3
-15.0000E-3	-837.839E-15	702.182E-3	-5.58472E-3	-772.277E-15	712.156E-3	-3.75258E-3
-14.4000E-3	140.095E-15	693.846E-3	-2.94462E-3	117.977E-15	703.384E-3	-2.16698E-3
-13.8000E-3	922.068E-15	700.118E-3	-16.6509E-6	1.07603E-12	708.114E-3	832.684E-6
-13.2000E-3	2.10819E-12	716.467E-3	5.53304E-3	2.08191E-12	726.526E-3	3.62777E-3
-12.6000E-3	3.20473E-12	748.307E-3	7.60471E-3	3.11758E-12	759.221E-3	4.66387E-3
-12.0000E-3	4.03066E-12	796.346E-3	4.31716E-3	4.26570E-12	806.647E-3	2.96156E-3
-11.4000E-3	5.28010E-12	859.905E-3	244.331E-6	5.59383E-12	868.827E-3	-1.21955E-3
-10.8000E-3	7.16069E-12	935.585E-3	-7.37199E-3	7.16050E-12	946.186E-3	-6.29228E-3
-10.2000E-3	8.82795E-12	1.02572E+0	-12.7196E-3	8.92020E-12	1.04081E+0	-10.8132E-3
-9.60000E-3	10.7407E-12	1.13913E+0	-14.1982E-3	10.7807E-12	1.15572E+0	-14.4383E-3
-9.00000E-3	12.6820E-12	1.27731E+0	-16.8076E-3	12.7847E-12	1.29317E+0	-17.0594E-3
-8.40000E-3	14.6185E-12	1.43877E+0	-20.7798E-3	14.9866E-12	1.45241E+0	-18.7826E-3
-7.80000E-3	17.4661E-12	1.62162E+0	-20.2646E-3	17.5433E-12	1.62981E+0	-19.6553E-3
-7.20000E-3	19.8630E-12	1.81525E+0	-18.9816E-3	20.5110E-12	1.82100E+0	-20.1932E-3
-6.60000E-3	23.8956E-12	2.01648E+0	-19.8925E-3	23.9244E-12	2.02369E+0	-21.4087E-3
-6.00000E-3	27.4460E-12	2.22716E+0	-23.3855E-3	27.4842E-12	2.23830E+0	-24.2769E-3
-5.40000E-3	31.6035E-12	2.45590E+0	-27.6278E-3	30.9052E-12	2.46485E+0	-28.9322E-3
-4.80000E-3	34.0859E-12	2.70057E+0	-34.1835E-3	34.1929E-12	2.69895E+0	-35.1572E-3
-4.20000E-3	36.6065E-12	2.94177E+0	-42.1424E-3	37.9216E-12	2.93228E+0	-41.1979E-3
-3.60000E-3	41.6032E-12	3.16684E+0	-50.7279E-3	42.5842E-12	3.15689E+0	-44.3019E-3
-3.00000E-3	48.1407E-12	3.37683E+0	-46.8747E-3	48.4887E-12	3.37059E+0	-41.8341E-3
-2.40000E-3	54.6404E-12	3.57599E+0	-36.0778E-3	54.8351E-12	3.57925E+0	-33.6769E-3
-1.80000E-3	62.8703E-12	3.77897E+0	-21.1817E-3	60.9101E-12	3.79172E+0	-23.1011E-3
-1.20000E-3	65.7579E-12	4.00626E+0	-8.61232E-3	65.8752E-12	4.01107E+0	-14.9605E-3
-600.000E-6	71.3614E-12	4.24378E+0	-7.74637E-3	69.6885E-12	4.22863E+0	-12.0391E-3
-6.93889E-18	72.1757E-12	4.45797E+0	-13.2012E-3	72.4703E-12	4.42583E+0	-13.3013E-3
600.000E-6	75.0155E-12	4.62239E+0	-19.3595E-3	75.2387E-12	4.58122E+0	-14.9364E-3
1.20000E-3	76.9427E-12	4.72733E+0	-17.1968E-3	78.6201E-12	4.67724E+0	-12.6648E-3
1.80000E-3	82.6001E-12	4.75834E+0	-8.99166E-3	83.1695E-12	4.70615E+0	-6.33712E-3
2.40000E-3	88.8299E-12	4.70474E+0	6.58737E-3	88.6105E-12	4.67343E+0	-69.0859E-6
3.00000E-3	94.0700E-12	4.60619E+0	9.52972E-3	94.7300E-12	4.59602E+0	2.02545E-3
3.60000E-3	100.848E-12	4.49698E+0	-2.46713E-3	99.9607E-12	4.49776E+0	547.262E-6
4.20000E-3	108.193E-12	4.38561E+0	-7.50296E-3	103.865E-12	4.39889E+0	2.04918E-3
4.80000E-3	103.724E-12	4.30078E+0	727.573E-6	106.550E-12	4.30924E+0	14.2485E-3
5.40000E-3	108.581E-12	4.22776E+0	32.8929E-3	109.629E-12	4.22830E+0	37.5121E-3
6.00000E-3	112.155E-12	4.15534E+0	74.2955E-3	113.509E-12	4.14658E+0	63.4487E-3
6.60000E-3	121.073E-12	4.07349E+0	95.0859E-3	118.084E-12	4.04836E+0	81.6052E-3
7.20000E-3	121.395E-12	3.95143E+0	94.3955E-3	122.094E-12	3.92422E+0	87.3843E-3
7.80000E-3	125.007E-12	3.77935E+0	82.0713E-3	125.708E-12	3.77985E+0	86.1271E-3
8.40000E-3	129.928E-12	3.60986E+0	76.3579E-3	129.464E-12	3.63056E+0	86.7856E-3
9.00000E-3	132.449E-12	3.48421E+0	91.3707E-3	133.635E-12	3.48834E+0	93.9359E-3
9.60000E-3	139.389E-12	3.36079E+0	107.795E-3	137.549E-12	3.35434E+0	108.865E-3
10.2000E-3	141.156E-12	3.22134E+0	120.647E-3	140.824E-12	3.22404E+0	134.601E-3
10.8000E-3	143.327E-12	3.08788E+0	156.378E-3	144.739E-12	3.10371E+0	174.588E-3
11.4000E-3	146.034E-12	2.96995E+0	226.413E-3	149.133E-12	3.01525E+0	222.853E-3
12.0000E-3	158.771E-12	2.92381E+0	295.362E-3	153.912E-12	2.97872E+0	259.655E-3
12.6000E-3	157.420E-12	2.97210E+0	302.606E-3	158.062E-12	2.99236E+0	264.804E-3
13.2000E-3	160.538E-12	3.05142E+0	245.315E-3	161.095E-12	3.03189E+0	233.353E-3
13.8000E-3	165.090E-12	3.08996E+0	177.006E-3	163.053E-12	3.06775E+0	180.399E-3
14.4000E-3	164.260E-12	3.09051E+0	111.511E-3	165.041E-12	3.08707E+0	127.180E-3
15.0000E-3	165.917E-12	3.08940E+0	75.8243E-3	166.488E-12	3.09930E+0	83.4686E-3
15.6000E-3	169.712E-12	3.10233E+0	54.8790E-3	168.007E-12	3.11665E+0	44.7676E-3
16.2000E-3	167.330E-12	3.14774E+0	11.8701E-3	170.195E-12	3.13355E+0	-1.76230E-3
16.8000E-3	172.974E-12	3.17359E+0	-45.5644E-3	172.366E-12	3.13056E+0	-65.1306E-3
17.4000E-3	177.401E-12	3.12049E+0	-143.586E-3	173.898E-12	3.09681E+0	-134.219E-3
18.0000E-3	173.374E-12	3.02678E+0	-235.247E-3	174.208E-12	3.04666E+0	-183.726E-3
18.6000E-3	174.014E-12	2.96719E+0	-228.653E-3	174.685E-12	3.00658E+0	-200.787E-3
19.2000E-3	171.360E-12	2.98568E+0	-171.701E-3	177.492E-12	2.98692E+0	-196.549E-3
19.8000E-3	183.609E-12	3.00124E+0	-170.860E-3	183.174E-12	2.97706E+0	-193.359E-3
20.4000E-3	192.694E-12	2.96186E+0	-211.817E-3	190.212E-12	2.97044E+0	-203.185E-3
21.0000E-3	196.012E-12	2.93510E+0	-225.997E-3	196.324E-12	2.97901E+0	-215.681E-3
21.6000E-3	204.022E-12	2.98816E+0	-231.347E-3	201.819E-12	3.01570E+0	-214.429E-3
22.2000E-3	201.275E-12	3.09306E+0	-207.472E-3	206.907E-12	3.07263E+0	-193.156E-3
22.8000E-3	218.401E-12	3.15131E+0	-161.289E-3	212.276E-12	3.12874E+0	-160.066E-3
23.4000E-3	214.884E-12	3.16691E+0	-108.009E-3	217.233E-12	3.17436E+0	-131.356E-3
24.0000E-3	221.652E-12	3.20266E+0	-95.3115E-3	221.122E-12	3.21572E+0	-123.070E-3
24.6000E-3	227.752E-12	3.26475E+0	-131.640E-3	224.147E-12	3.25937E+0	-138.957E-3
25.2000E-3	221.571E-12	3.31518E+0	-174.047E-3	227.740E-12	3.29795E+0	-167.012E-3
25.8000E-3	234.343E-12	3.33911E+0	-207.906E-3	232.949E-12	3.32231E+0	-185.539E-3
26.4000E-3	236.593E-12	3.32954E+0	-207.894E-3	237.410E-12	3.33704E+0	-177.570E-3
27.0000E-3	250.731E-12	3.33395E+0	-155.643E-3	240.325E-12	3.35231E+0	-139.678E-3
27.6000E-3	233.761E-12	3.38142E+0	-80.8603E-3	240.916E-12	3.37151E+0	-80.6550E-3
28.2000E-3	239.815E-12	3.40201E+0	-8.15271E-3	242.893E-12	3.39255E+0	-19.9586E-3
28.8000E-3	246.238E-12	3.40152E+0	52.4039E-3	246.371E-12	3.41722E+0	22.3930E-3
29.4000E-3	255.674E-12	3.42999E+0	59.3711E-3	252.175E-12	3.45208E+0	34.3097E-3
30.0000E-3	253.529E-12	3.50087E+0	30.4509E-3	258.186E-12	3.49886E+0	13.7811E-3
30.6000E-3	264.723E-12	3.56598E+0	-21.4883E-3	263.379E-12	3.54941E+0	-35.0513E-3
31.2000E-3	274.273E-12	3.59442E+0	-92.0030E-3	267.096E-12	3.60291E+0	-99.5465E-3
31.8000E-3	265.222E-12	3.63122E+0	-184.443E-3	270.044E-12	3.67261E+0	-157.481E-3
32.4000E-3	270.143E-12	3.74626E+0	-235.573E-3	273.791E-12	3.77036E+0	-180.302E-3
33.0000E-3	279.310E-12	3.90131E+0	-193.483E-3	277.609E-12	3.89451E+0	-149.354E-3
33.6000E-3	289.680E-12	4.02913E+0	-81.6918E-3	281.448E-12	4.03302E+0	-71.1484E-3
34.2000E-3	275.627E-12	4.16815E+0	44.9746E-3	283.028E-12	4.17157E+0	24.6873E-3
34.8000E-3	287.225E-12	4.32309E+0	135.085E-3	284.039E-12	4.29729E+0	107.386E-3
35.4000E-3	283.896E-12	4.43186E+0	179.203E-3	286.138E-12	4.39585E+0	156.534E-3
36.0000E-3	287.850E-12	4.48383E+0	201.256E-3	290.340E-12	4.46137E+0	168.520E-3
36.6000E-3	296.817E-12	4.49348E+0	157.201E-3	295.328E-12	4.51061E+0	145.056E-3
37.2000E-3	300.150E-12	4.53310E+0	114.310E-3	301.128E-12	4.56999E+0	90.1792E-3
37.8000E-3	308.330E-12	4.64498E+0	24.0049E-3	307.141E-12	4.64635E+0	19.0860E-3
38.4000E-3	310.941E-12	4.75966E+0	-88.2867E-3	313.624E-12	4.71849E+0	-46.0339E-3
39.0000E-3	320.984E-12	4.80281E+0	-106.681E-3	322.215E-12	4.76042E+0	-90.5261E-3
39.6000E-3	330.021E-12	4.76907E+0	-111.405E-3	330.424E-12	4.77156E+0	-105.044E-3
40.2000E-3	346.785E-12	4.74393E+0	-121.683E-3	338.831E-12	4.78004E+0	-85.3482E-3
40.8000E-3	336.353E-12	4.78257E+0	-65.8205E-3	346.506E-12	4.81450E+0	-36.1380E-3
41.4000E-3	358.954E-12	4.87329E+0	48.5752E-3	354.085E-12	4.87697E+0	22.1232E-3
42.0000E-3	363.644E-12	4.97169E+0	121.576E-3	361.209E-12	4.94055E+0	53.9510E-3
42.6000E-3	365.456E-12	5.01931E+0	69.6609E-3	366.440E-12	4.97498E+0	39.0976E-3
43.2000E-3	375.226E-12	4.98949E+0	-31.9779E-3	367.354E-12	4.97096E+0	-587.547E-6
43.8000E-3	363.921E-12	4.93240E+0	-77.5995E-3	364.932E-12	4.94135E+0	-20.5419E-3
44.4000E-3	360.951E-12	4.89916E+0	-23.1048E-3	362.281E-12	4.90454E+0	3.67192E-3
45.0000E-3	353.798E-12	4.87509E+0	73.9892E-3	361.131E-12	4.87607E+0	57.0387E-3
45.6000E-3	367.441E-12	4.83763E+0	135.298E-3	363.761E-12	4.86158E+0	109.586E-3
46.2000E-3	365.297E-12	4.85495E+0	149.589E-3	370.150E-12	4.85925E+0	143.195E-3
46.8000E-3	374.412E-12	4.87457E+0	163.055E-3	380.209E-12	4.85958E+0	150.135E-3
47.4000E-3	396.404E-12	4.86843E+0	169.691E-3	390.303E-12	4.85128E+0	117.207E-3
48.0000E-3	406.023E-12	4.83187E+0	89.6086E-3	397.175E-12	4.83106E+0	32.1718E-3
48.6000E-3	399.083E-12	4.79282E+0	-96.4732E-3	401.076E-12	4.80455E+0	-86.1026E-3
49.2000E-3	393.483E-12	4.78718E+0	-273.627E-3	405.408E-12	4.77884E+0	-179.731E-3
49.8000E-3	416.769E-12	4.75148E+0	-288.696E-3	410.565E-12	4.76201E+0	-196.328E-3
50.4000E-3	426.546E-12	4.73148E+0	-139.410E-3	416.590E-12	4.75888E+0	-137.966E-3
51.0000E-3	407.519E-12	4.77116E+0	-1.95276E-3	419.656E-12	4.77558E+0	-44.3539E-3
51.6000E-3	431.461E-12	4.79478E+0	32.7753E-3	422.174E-12	4.81664E+0	53.4760E-3
52.2000E-3	415.960E-12	4.86444E+0	122.682E-3	426.263E-12	4.88047E+0	151.863E-3
52.8000E-3	436.737E-12	4.95632E+0	273.465E-3	435.289E-12	4.96199E+0	235.385E-3
53.4000E-3	439.836E-12	5.05418E+0	379.679E-3	443.840E-12	5.05463E+0	250.898E-3
54.0000E-3	466.472E-12	5.15595E+0	267.601E-3	452.124E-12	5.13831E+0	143.319E-3
54.6000E-3	449.727E-12	5.23967E+0	-54.0877E-3	455.906E-12	5.19395E+0	-69.7055E-3
55.2000E-3	459.595E-12	5.23591E+0	-407.128E-3	459.018E-12	5.21118E+0	-293.217E-3
55.8000E-3	458.593E-12	5.20106E+0	-561.298E-3	463.849E-12	5.19899E+0	-415.616E-3
56.4000E-3	470.569E-12	5.16027E+0	-483.102E-3	474.807E-12	5.18930E+0	-390.736E-3
57.0000E-3	487.039E-12	5.15652E+0	-256.244E-3	487.663E-12	5.21830E+0	-265.149E-3
57.6000E-3	509.967E-12	5.26612E+0	-46.9096E-3	499.359E-12	5.30637E+0	-128.649E-3
58.2000E-3	507.404E-12	5.42509E+0	6.18328E-3	509.224E-12	5.45737E+0	-39.2851E-3
58.8000E-3	508.365E-12	5.62778E+0	-11.7039E-3	520.410E-12	5.65948E+0	2.97816E-3
59.4000E-3	536.606E-12	5.89008E+0	11.8292E-3	535.973E-12	5.89430E+0	31.1219E-3
60.0000E-3	556.845E-12	6.14707E+0	67.2529E-3	556.845E-12	6.14707E+0	67.2529E-3
