Experiment	bias spectroscopy	
Date	16.08.2023 16:45:02	
User		
X (m)	-645.692E-9	
Y (m)	645.003E-9	
Z (m)	-127.044E-9	
Z offset (m)	0E+0	
Settling time (s)	100E-6	
Integration time (s)	25E-3	
Z-Ctrl hold	TRUE	
Final Z (m)	N/A	
Filter type	Gaussian	
Order	2	
Cutoff frq		

[DATA]
Bias calc (V)	Current (A)	Lock In X (V)	Lock In Y (V)	Current (A) [filt]	Lock In X (V) [filt]	Lock In Y (V) [filt]
-60.0000E-3	-545.616E-12	5.13681E+0	83.4798E-3	-545.616E-12	5.13681E+0	83.4798E-3
-59.4000E-3	-548.933E-12	5.15240E+0	54.6565E-3	-540.705E-12	5.16157E+0	68.5275E-3
-58.8000E-3	-529.798E-12	5.18683E+0	56.6246E-3	-535.071E-12	5.18892E+0	59.3745E-3
-58.2000E-3	-529.443E-12	5.22585E+0	56.0017E-3	-528.617E-12	5.22053E+0	56.0033E-3
-57.6000E-3	-521.425E-12	5.24584E+0	59.8727E-3	-520.111E-12	5.26030E+0	54.5739E-3
-57.0000E-3	-518.783E-12	5.29194E+0	47.8476E-3	-507.962E-12	5.31271E+0	55.6327E-3
-56.4000E-3	-489.903E-12	5.37907E+0	49.3362E-3	-492.310E-12	5.37362E+0	60.6434E-3
-55.8000E-3	-466.794E-12	5.45711E+0	80.7799E-3	-476.078E-12	5.42165E+0	56.5691E-3
-55.2000E-3	-467.715E-12	5.48277E+0	76.6099E-3	-461.350E-12	5.42941E+0	22.9199E-3
-54.6000E-3	-447.049E-12	5.41571E+0	-27.6358E-3	-448.628E-12	5.38812E+0	-49.9373E-3
-54.0000E-3	-434.249E-12	5.30507E+0	-164.904E-3	-435.711E-12	5.31412E+0	-148.691E-3
-53.4000E-3	-424.786E-12	5.21961E+0	-265.793E-3	-420.225E-12	5.23025E+0	-245.610E-3
-52.8000E-3	-406.804E-12	5.15505E+0	-338.287E-3	-403.122E-12	5.14847E+0	-315.380E-3
-52.2000E-3	-379.723E-12	5.07456E+0	-383.378E-3	-385.541E-12	5.06274E+0	-344.064E-3
-51.6000E-3	-365.659E-12	4.97988E+0	-364.613E-3	-368.681E-12	4.96406E+0	-323.559E-3
-51.0000E-3	-359.190E-12	4.85377E+0	-284.193E-3	-354.306E-12	4.85096E+0	-253.828E-3
-50.4000E-3	-335.485E-12	4.72967E+0	-153.933E-3	-342.532E-12	4.73039E+0	-154.094E-3
-49.8000E-3	-331.423E-12	4.60360E+0	-18.6854E-3	-332.747E-12	4.61744E+0	-59.4934E-3
-49.2000E-3	-326.817E-12	4.49007E+0	44.7442E-3	-323.956E-12	4.53085E+0	2.71269E-3
-48.6000E-3	-316.661E-12	4.45078E+0	33.5360E-3	-315.950E-12	4.47934E+0	29.8238E-3
-48.0000E-3	-304.285E-12	4.45842E+0	25.1516E-3	-306.847E-12	4.45554E+0	41.0903E-3
-47.4000E-3	-300.229E-12	4.45433E+0	46.5467E-3	-296.502E-12	4.43822E+0	58.0032E-3
-46.8000E-3	-287.075E-12	4.42584E+0	85.2036E-3	-285.261E-12	4.40376E+0	86.6505E-3
-46.2000E-3	-269.694E-12	4.36534E+0	125.576E-3	-274.624E-12	4.34111E+0	117.898E-3
-45.6000E-3	-262.574E-12	4.26334E+0	154.577E-3	-266.313E-12	4.25264E+0	139.078E-3
-45.0000E-3	-261.573E-12	4.14728E+0	159.945E-3	-260.082E-12	4.15137E+0	142.769E-3
-44.4000E-3	-258.596E-12	4.03481E+0	135.232E-3	-254.265E-12	4.05587E+0	129.239E-3
-43.8000E-3	-244.285E-12	3.95826E+0	104.228E-3	-247.213E-12	3.98237E+0	103.635E-3
-43.2000E-3	-239.839E-12	3.91876E+0	75.5524E-3	-239.481E-12	3.93687E+0	73.0551E-3
-42.6000E-3	-232.321E-12	3.90669E+0	38.2756E-3	-232.156E-12	3.91558E+0	46.1098E-3
-42.0000E-3	-224.381E-12	3.90681E+0	11.7239E-3	-225.017E-12	3.90685E+0	32.4590E-3
-41.4000E-3	-219.770E-12	3.90893E+0	19.7517E-3	-217.014E-12	3.89612E+0	38.1339E-3
-40.8000E-3	-207.572E-12	3.89096E+0	60.3171E-3	-208.277E-12	3.87267E+0	59.5491E-3
-40.2000E-3	-198.609E-12	3.83902E+0	96.9086E-3	-199.451E-12	3.83551E+0	82.8400E-3
-39.6000E-3	-190.227E-12	3.78326E+0	110.448E-3	-191.928E-12	3.79304E+0	93.6161E-3
-39.0000E-3	-183.757E-12	3.74573E+0	96.9218E-3	-185.194E-12	3.75886E+0	87.2383E-3
-38.4000E-3	-184.063E-12	3.72451E+0	67.1937E-3	-177.132E-12	3.74335E+0	70.0972E-3
-37.8000E-3	-167.424E-12	3.73541E+0	44.5462E-3	-167.569E-12	3.74379E+0	53.2930E-3
-37.2000E-3	-151.724E-12	3.76644E+0	34.9430E-3	-157.766E-12	3.74626E+0	46.0204E-3
-36.6000E-3	-150.395E-12	3.75748E+0	42.8594E-3	-148.804E-12	3.73659E+0	50.6598E-3
-36.0000E-3	-143.052E-12	3.71233E+0	64.7709E-3	-141.489E-12	3.70967E+0	61.4986E-3
-35.4000E-3	-131.856E-12	3.66913E+0	81.3757E-3	-135.262E-12	3.67059E+0	70.8444E-3
-34.8000E-3	-128.547E-12	3.63026E+0	76.5379E-3	-129.379E-12	3.62723E+0	73.8229E-3
-34.2000E-3	-127.110E-12	3.58464E+0	71.0063E-3	-123.932E-12	3.58128E+0	69.7079E-3
-33.6000E-3	-117.532E-12	3.53531E+0	65.4682E-3	-118.455E-12	3.53145E+0	60.4471E-3
-33.0000E-3	-111.154E-12	3.47792E+0	49.0267E-3	-112.556E-12	3.47927E+0	49.1471E-3
-32.4000E-3	-108.006E-12	3.42286E+0	32.5303E-3	-106.165E-12	3.42847E+0	39.0417E-3
-31.8000E-3	-100.914E-12	3.37834E+0	28.2406E-3	-99.6925E-12	3.38119E+0	34.2569E-3
-31.2000E-3	-90.3473E-12	3.33833E+0	32.0423E-3	-93.1615E-12	3.33592E+0	37.8575E-3
-30.6000E-3	-87.0954E-12	3.29476E+0	44.1848E-3	-87.0943E-12	3.28718E+0	49.9021E-3
-30.0000E-3	-82.3975E-12	3.23975E+0	65.9556E-3	-81.8659E-12	3.22862E+0	67.0250E-3
-29.4000E-3	-76.3288E-12	3.16756E+0	90.9287E-3	-77.2272E-12	3.15721E+0	83.7240E-3
-28.8000E-3	-72.5910E-12	3.07791E+0	102.663E-3	-72.7742E-12	3.07434E+0	94.1755E-3
-28.2000E-3	-68.6710E-12	2.98465E+0	101.200E-3	-68.5035E-12	2.98511E+0	95.4965E-3
-27.6000E-3	-64.8101E-12	2.89171E+0	91.3256E-3	-64.1314E-12	2.89493E+0	89.2411E-3
-27.0000E-3	-59.3890E-12	2.80517E+0	78.2178E-3	-59.3239E-12	2.80636E+0	79.5465E-3
-26.4000E-3	-54.2565E-12	2.72078E+0	68.1717E-3	-54.1104E-12	2.71836E+0	69.9155E-3
-25.8000E-3	-48.9134E-12	2.63174E+0	60.6486E-3	-48.8096E-12	2.62726E+0	61.8793E-3
-25.2000E-3	-42.8409E-12	2.53798E+0	55.2876E-3	-43.8260E-12	2.52806E+0	55.2494E-3
-24.6000E-3	-39.0527E-12	2.42819E+0	49.5200E-3	-39.3506E-12	2.41676E+0	49.5097E-3
-24.0000E-3	-35.4084E-12	2.30026E+0	42.9220E-3	-35.3526E-12	2.29227E+0	45.5436E-3
-23.4000E-3	-31.5544E-12	2.16069E+0	40.0571E-3	-31.6763E-12	2.15671E+0	45.0686E-3
-22.8000E-3	-27.9201E-12	2.01564E+0	46.1231E-3	-28.1865E-12	2.01491E+0	48.6323E-3
-22.2000E-3	-24.6828E-12	1.86917E+0	56.5516E-3	-25.0114E-12	1.87198E+0	54.5266E-3
-21.6000E-3	-21.9768E-12	1.72748E+0	62.5518E-3	-22.1962E-12	1.73175E+0	60.0967E-3
-21.0000E-3	-19.6284E-12	1.59270E+0	64.2928E-3	-19.6706E-12	1.59647E+0	63.6628E-3
-20.4000E-3	-17.2408E-12	1.46292E+0	66.0188E-3	-17.3681E-12	1.46731E+0	65.6995E-3
-19.8000E-3	-15.0349E-12	1.33943E+0	66.4256E-3	-15.3172E-12	1.34475E+0	67.6306E-3
-19.2000E-3	-13.2597E-12	1.22438E+0	69.4198E-3	-13.5612E-12	1.22938E+0	70.2005E-3
-18.6000E-3	-12.0564E-12	1.11594E+0	73.8687E-3	-11.9913E-12	1.12252E+0	73.0560E-3
-18.0000E-3	-10.7670E-12	1.01663E+0	76.7300E-3	-10.4674E-12	1.02616E+0	75.3250E-3
-17.4000E-3	-8.67778E-12	931.977E-3	77.3970E-3	-8.90817E-12	942.466E-3	76.1241E-3
-16.8000E-3	-7.28527E-12	863.143E-3	76.1076E-3	-7.31982E-12	872.838E-3	75.4083E-3
-16.2000E-3	-5.88680E-12	808.422E-3	73.6712E-3	-5.74557E-12	817.432E-3	73.7132E-3
-15.6000E-3	-4.12544E-12	766.570E-3	71.6526E-3	-4.13576E-12	775.783E-3	71.7042E-3
-15.0000E-3	-2.59968E-12	738.288E-3	69.4368E-3	-2.40706E-12	747.540E-3	70.0981E-3
-14.4000E-3	-559.242E-15	723.750E-3	68.0765E-3	-596.252E-15	732.664E-3	69.3671E-3
-13.8000E-3	1.32225E-12	721.888E-3	69.3112E-3	1.40097E-12	731.477E-3	69.5256E-3
-13.2000E-3	3.01213E-12	733.892E-3	70.5604E-3	3.64473E-12	744.892E-3	70.2446E-3
-12.6000E-3	6.35451E-12	761.979E-3	71.0740E-3	6.14531E-12	774.929E-3	71.3672E-3
-12.0000E-3	8.74840E-12	808.465E-3	71.7744E-3	8.90384E-12	824.494E-3	72.8911E-3
-11.4000E-3	11.5220E-12	879.053E-3	75.0665E-3	11.8945E-12	896.275E-3	74.5909E-3
-10.8000E-3	15.0725E-12	975.507E-3	77.4984E-3	15.1792E-12	991.626E-3	75.4339E-3
-10.2000E-3	18.3794E-12	1.09554E+0	76.6225E-3	19.0286E-12	1.10983E+0	73.8963E-3
-9.60000E-3	22.8673E-12	1.23693E+0	71.7430E-3	23.5558E-12	1.24935E+0	69.2705E-3
-9.00000E-3	28.5487E-12	1.39476E+0	62.2485E-3	28.9344E-12	1.41033E+0	63.0207E-3
-8.40000E-3	34.2991E-12	1.57471E+0	53.6228E-3	35.1925E-12	1.59545E+0	58.3657E-3
-7.80000E-3	42.0247E-12	1.78657E+0	52.9479E-3	42.2918E-12	1.80892E+0	58.1603E-3
-7.20000E-3	49.5472E-12	2.03064E+0	61.1306E-3	49.9078E-12	2.05352E+0	62.4190E-3
-6.60000E-3	58.3219E-12	2.31023E+0	71.5582E-3	57.6805E-12	2.32673E+0	67.8787E-3
-6.00000E-3	65.3730E-12	2.61620E+0	75.4204E-3	65.1717E-12	2.61857E+0	70.4349E-3
-5.40000E-3	72.5264E-12	2.92574E+0	71.1280E-3	72.2156E-12	2.91578E+0	67.4818E-3
-4.80000E-3	79.1806E-12	3.21545E+0	62.3420E-3	79.1330E-12	3.20580E+0	60.2742E-3
-4.20000E-3	85.0056E-12	3.49403E+0	47.5688E-3	86.2604E-12	3.47958E+0	53.9903E-3
-3.60000E-3	94.3177E-12	3.75182E+0	43.4274E-3	93.9056E-12	3.73058E+0	54.5465E-3
-3.00000E-3	101.336E-12	3.97694E+0	58.9892E-3	102.367E-12	3.95328E+0	64.6622E-3
-2.40000E-3	110.622E-12	4.16721E+0	82.3423E-3	111.149E-12	4.14221E+0	80.0828E-3
-1.80000E-3	122.096E-12	4.32181E+0	104.702E-3	120.145E-12	4.29364E+0	90.1681E-3
-1.20000E-3	127.015E-12	4.43429E+0	103.134E-3	129.394E-12	4.40626E+0	84.9275E-3
-600.000E-6	139.266E-12	4.50367E+0	70.9601E-3	138.541E-12	4.48144E+0	63.0231E-3
-6.93889E-18	149.181E-12	4.54168E+0	25.7300E-3	147.848E-12	4.52166E+0	31.7803E-3
600.000E-6	154.895E-12	4.55290E+0	-6.19559E-3	157.412E-12	4.53090E+0	2.91367E-3
1.20000E-3	168.309E-12	4.52655E+0	-25.6756E-3	167.673E-12	4.51660E+0	-14.3620E-3
1.80000E-3	176.761E-12	4.48469E+0	-28.1500E-3	178.701E-12	4.49161E+0	-13.0679E-3
2.40000E-3	192.246E-12	4.45521E+0	-11.7994E-3	188.366E-12	4.47224E+0	11.7953E-3
3.00000E-3	201.106E-12	4.45222E+0	45.0621E-3	196.630E-12	4.46721E+0	55.9428E-3
3.60000E-3	195.473E-12	4.48027E+0	127.542E-3	205.113E-12	4.46752E+0	101.001E-3
4.20000E-3	216.064E-12	4.48823E+0	161.448E-3	214.931E-12	4.44915E+0	124.273E-3
4.80000E-3	229.485E-12	4.43372E+0	132.110E-3	225.159E-12	4.38968E+0	114.500E-3
5.40000E-3	236.060E-12	4.30663E+0	78.9164E-3	233.937E-12	4.28454E+0	81.7966E-3
6.00000E-3	239.263E-12	4.14653E+0	29.5338E-3	239.968E-12	4.14781E+0	47.0644E-3
6.60000E-3	244.188E-12	3.99714E+0	14.1008E-3	244.873E-12	3.99903E+0	24.2256E-3
7.20000E-3	251.709E-12	3.84807E+0	12.0248E-3	249.667E-12	3.85434E+0	13.6338E-3
7.80000E-3	252.953E-12	3.70386E+0	11.6483E-3	255.928E-12	3.72528E+0	8.03046E-3
8.40000E-3	259.160E-12	3.59542E+0	5.32216E-3	263.645E-12	3.61867E+0	-118.506E-6
9.00000E-3	277.845E-12	3.52666E+0	-10.5968E-3	272.408E-12	3.53143E+0	-15.1273E-3
9.60000E-3	280.342E-12	3.46692E+0	-29.7789E-3	280.891E-12	3.44584E+0	-38.1745E-3
10.2000E-3	288.329E-12	3.37307E+0	-66.4923E-3	288.448E-12	3.34188E+0	-69.2482E-3
10.8000E-3	294.816E-12	3.22192E+0	-102.926E-3	295.835E-12	3.21621E+0	-102.402E-3
11.4000E-3	303.056E-12	3.06155E+0	-147.652E-3	304.295E-12	3.09170E+0	-121.121E-3
12.0000E-3	314.699E-12	2.94536E+0	-153.827E-3	313.992E-12	3.00419E+0	-104.994E-3
12.6000E-3	321.668E-12	2.92639E+0	-72.9107E-3	321.841E-12	2.97846E+0	-44.1244E-3
13.2000E-3	338.150E-12	2.98963E+0	48.0668E-3	325.682E-12	3.01144E+0	53.7643E-3
13.8000E-3	321.690E-12	3.08334E+0	174.725E-3	326.016E-12	3.07169E+0	168.411E-3
14.4000E-3	319.724E-12	3.16466E+0	288.941E-3	327.005E-12	3.11677E+0	279.241E-3
15.0000E-3	329.752E-12	3.16221E+0	392.179E-3	330.753E-12	3.12393E+0	366.862E-3
15.6000E-3	341.087E-12	3.08826E+0	466.215E-3	337.401E-12	3.10586E+0	406.216E-3
16.2000E-3	344.008E-12	3.04975E+0	444.807E-3	342.684E-12	3.10012E+0	380.965E-3
16.8000E-3	347.265E-12	3.09442E+0	308.415E-3	347.897E-12	3.14069E+0	307.351E-3
17.4000E-3	345.704E-12	3.21208E+0	169.325E-3	353.701E-12	3.23174E+0	227.599E-3
18.0000E-3	369.304E-12	3.36025E+0	146.803E-3	360.942E-12	3.34018E+0	172.431E-3
18.6000E-3	365.723E-12	3.48580E+0	168.756E-3	369.498E-12	3.41828E+0	138.908E-3
19.2000E-3	374.028E-12	3.49434E+0	120.462E-3	378.303E-12	3.43095E+0	99.7027E-3
19.8000E-3	394.375E-12	3.40281E+0	49.6923E-3	387.564E-12	3.37912E+0	36.3689E-3
20.4000E-3	391.529E-12	3.27282E+0	-44.1426E-3	397.900E-12	3.29688E+0	-43.4467E-3
21.0000E-3	411.154E-12	3.18919E+0	-139.818E-3	407.515E-12	3.22261E+0	-118.217E-3
21.6000E-3	418.500E-12	3.16856E+0	-198.621E-3	415.051E-12	3.16945E+0	-171.719E-3
22.2000E-3	421.350E-12	3.14140E+0	-214.014E-3	422.336E-12	3.13073E+0	-194.608E-3
22.8000E-3	424.116E-12	3.08605E+0	-204.163E-3	429.984E-12	3.10466E+0	-191.292E-3
23.4000E-3	440.551E-12	3.05777E+0	-167.928E-3	435.124E-12	3.10929E+0	-180.962E-3
24.0000E-3	453.330E-12	3.11281E+0	-150.339E-3	437.390E-12	3.16891E+0	-177.765E-3
24.6000E-3	418.910E-12	3.25901E+0	-199.050E-3	437.971E-12	3.27768E+0	-180.109E-3
25.2000E-3	439.767E-12	3.44880E+0	-201.685E-3	440.898E-12	3.39578E+0	-174.130E-3
25.8000E-3	450.885E-12	3.53514E+0	-158.145E-3	445.534E-12	3.47946E+0	-153.788E-3
26.4000E-3	456.943E-12	3.52918E+0	-104.104E-3	451.841E-12	3.51423E+0	-119.698E-3
27.0000E-3	445.667E-12	3.50820E+0	-100.463E-3	455.658E-12	3.51671E+0	-75.4964E-3
27.6000E-3	465.139E-12	3.50758E+0	-39.4296E-3	458.846E-12	3.51787E+0	-13.5867E-3
28.2000E-3	464.800E-12	3.51433E+0	59.2280E-3	462.246E-12	3.53679E+0	74.1090E-3
28.8000E-3	458.937E-12	3.56255E+0	176.947E-3	470.284E-12	3.56635E+0	183.553E-3
29.4000E-3	472.762E-12	3.63373E+0	311.784E-3	482.175E-12	3.57740E+0	297.376E-3
30.0000E-3	512.636E-12	3.60297E+0	416.219E-3	497.003E-12	3.54280E+0	395.624E-3
30.6000E-3	509.843E-12	3.46470E+0	499.720E-3	511.286E-12	3.46513E+0	454.524E-3
31.2000E-3	516.714E-12	3.33233E+0	515.439E-3	521.603E-12	3.38976E+0	456.089E-3
31.8000E-3	539.382E-12	3.28704E+0	426.543E-3	528.326E-12	3.38171E+0	404.087E-3
32.4000E-3	531.114E-12	3.39149E+0	304.812E-3	531.843E-12	3.48405E+0	329.907E-3
33.0000E-3	535.434E-12	3.63993E+0	221.845E-3	533.788E-12	3.69132E+0	271.950E-3
33.6000E-3	525.394E-12	3.97446E+0	236.781E-3	536.669E-12	3.94975E+0	240.733E-3
34.2000E-3	547.149E-12	4.27064E+0	258.444E-3	541.571E-12	4.18245E+0	212.472E-3
34.8000E-3	553.303E-12	4.41746E+0	189.893E-3	548.018E-12	4.33301E+0	166.804E-3
35.4000E-3	541.956E-12	4.42803E+0	74.4706E-3	556.852E-12	4.38941E+0	116.408E-3
36.0000E-3	570.952E-12	4.39286E+0	35.5333E-3	567.102E-12	4.37707E+0	97.0565E-3
36.6000E-3	584.710E-12	4.33647E+0	104.010E-3	579.299E-12	4.32978E+0	132.134E-3
37.2000E-3	586.398E-12	4.27187E+0	204.550E-3	592.113E-12	4.27117E+0	220.240E-3
37.8000E-3	604.580E-12	4.20239E+0	317.445E-3	602.785E-12	4.21738E+0	345.686E-3
38.4000E-3	618.088E-12	4.15493E+0	487.874E-3	610.433E-12	4.19102E+0	482.626E-3
39.0000E-3	618.275E-12	4.15594E+0	661.904E-3	614.645E-12	4.20247E+0	596.344E-3
39.6000E-3	609.450E-12	4.25852E+0	716.595E-3	616.868E-12	4.22404E+0	656.534E-3
40.2000E-3	618.552E-12	4.31101E+0	672.094E-3	622.260E-12	4.20446E+0	669.870E-3
40.8000E-3	629.269E-12	4.15947E+0	617.625E-3	634.030E-12	4.11570E+0	670.356E-3
41.4000E-3	648.607E-12	3.94419E+0	683.474E-3	655.239E-12	3.98214E+0	674.025E-3
42.0000E-3	673.457E-12	3.80355E+0	736.003E-3	680.327E-12	3.86298E+0	661.997E-3
42.6000E-3	726.365E-12	3.75912E+0	638.465E-3	704.914E-12	3.80573E+0	619.893E-3
43.2000E-3	719.749E-12	3.77602E+0	509.552E-3	722.754E-12	3.81695E+0	566.718E-3
43.8000E-3	738.103E-12	3.86150E+0	493.610E-3	733.366E-12	3.87676E+0	544.918E-3
44.4000E-3	740.078E-12	3.96970E+0	555.711E-3	735.879E-12	3.95903E+0	578.089E-3
45.0000E-3	742.107E-12	4.05242E+0	642.858E-3	734.959E-12	4.05247E+0	643.515E-3
45.6000E-3	722.702E-12	4.12184E+0	749.180E-3	732.361E-12	4.15635E+0	682.248E-3
46.2000E-3	727.501E-12	4.27192E+0	757.394E-3	732.168E-12	4.26455E+0	620.014E-3
46.8000E-3	740.561E-12	4.41222E+0	551.145E-3	738.398E-12	4.34904E+0	407.839E-3
47.4000E-3	737.187E-12	4.44620E+0	96.0865E-3	753.412E-12	4.37349E+0	55.4677E-3
48.0000E-3	773.846E-12	4.36211E+0	-403.079E-3	776.114E-12	4.32909E+0	-364.576E-3
48.6000E-3	807.376E-12	4.21955E+0	-835.478E-3	801.984E-12	4.26111E+0	-751.075E-3
49.2000E-3	834.062E-12	4.14018E+0	-1.15396E+0	830.896E-12	4.23570E+0	-1.01211E+0
49.8000E-3	843.780E-12	4.23118E+0	-1.25260E+0	864.170E-12	4.28204E+0	-1.09584E+0
50.4000E-3	901.853E-12	4.41270E+0	-1.10033E+0	897.298E-12	4.37711E+0	-997.093E-3
51.0000E-3	960.355E-12	4.50647E+0	-797.524E-3	920.477E-12	4.48479E+0	-760.015E-3
51.6000E-3	927.959E-12	4.55237E+0	-441.188E-3	931.156E-12	4.58783E+0	-482.648E-3
52.2000E-3	912.363E-12	4.68901E+0	-119.989E-3	933.279E-12	4.67728E+0	-277.917E-3
52.8000E-3	947.126E-12	4.81741E+0	-78.8299E-3	932.523E-12	4.75193E+0	-209.753E-3
53.4000E-3	945.009E-12	4.78399E+0	-263.425E-3	931.780E-12	4.82836E+0	-251.447E-3
54.0000E-3	913.639E-12	4.83886E+0	-410.610E-3	930.400E-12	4.93537E+0	-313.352E-3
54.6000E-3	921.157E-12	5.08932E+0	-378.824E-3	925.119E-12	5.08997E+0	-323.728E-3
55.2000E-3	947.880E-12	5.31024E+0	-250.586E-3	912.742E-12	5.26065E+0	-287.036E-3
55.8000E-3	892.117E-12	5.46305E+0	-205.180E-3	897.237E-12	5.37123E+0	-246.709E-3
56.4000E-3	842.183E-12	5.48186E+0	-241.516E-3	882.976E-12	5.36489E+0	-222.843E-3
57.0000E-3	896.576E-12	5.29847E+0	-230.268E-3	879.364E-12	5.24409E+0	-201.579E-3
57.6000E-3	880.816E-12	5.03437E+0	-166.019E-3	886.089E-12	5.05997E+0	-178.291E-3
58.2000E-3	895.462E-12	4.81790E+0	-110.730E-3	898.346E-12	4.87839E+0	-176.523E-3
58.8000E-3	902.285E-12	4.71525E+0	-181.418E-3	910.867E-12	4.74562E+0	-212.532E-3
59.4000E-3	936.724E-12	4.63789E+0	-313.491E-3	926.451E-12	4.66552E+0	-274.287E-3
60.0000E-3	942.117E-12	4.61447E+0	-345.406E-3	942.117E-12	4.61447E+0	-345.406E-3
