Experiment	bias spectroscopy	
Date	18.08.2023 15:37:50	
User		
X (m)	-181.31E-9	
Y (m)	85.4275E-9	
Z (m)	-157.023E-9	
Z offset (m)	0E+0	
Settling time (s)	100E-6	
Integration time (s)	25E-3	
Z-Ctrl hold	TRUE	
Final Z (m)	N/A	
Filter type	Gaussian	
Order	2	
Cutoff frq		

[DATA]
Bias calc (V)	Current (A)	Lock In X (V)	Lock In Y (V)	Current (A) [filt]	Lock In X (V) [filt]	Lock In Y (V) [filt]
-700.000E-3	-142.077E-12	1.30249E+0	-188.516E-3	-142.077E-12	1.30249E+0	-188.516E-3
-696.500E-3	-141.080E-12	1.31329E+0	-189.750E-3	-141.254E-12	1.30728E+0	-189.052E-3
-693.000E-3	-140.948E-12	1.31391E+0	-190.665E-3	-140.427E-12	1.30559E+0	-189.084E-3
-689.500E-3	-138.811E-12	1.30262E+0	-186.645E-3	-139.375E-12	1.29361E+0	-190.097E-3
-686.000E-3	-139.403E-12	1.27602E+0	-189.108E-3	-138.496E-12	1.27198E+0	-193.916E-3
-682.500E-3	-135.811E-12	1.24369E+0	-200.723E-3	-138.131E-12	1.24488E+0	-200.892E-3
-679.000E-3	-138.600E-12	1.21412E+0	-211.222E-3	-138.370E-12	1.21796E+0	-209.441E-3
-675.500E-3	-140.075E-12	1.18957E+0	-218.680E-3	-138.491E-12	1.19540E+0	-217.696E-3
-672.000E-3	-138.518E-12	1.17594E+0	-223.829E-3	-137.992E-12	1.17682E+0	-225.820E-3
-668.500E-3	-136.574E-12	1.16455E+0	-232.717E-3	-136.809E-12	1.15869E+0	-234.430E-3
-665.000E-3	-134.544E-12	1.14086E+0	-246.344E-3	-135.724E-12	1.13781E+0	-241.039E-3
-661.500E-3	-135.358E-12	1.11314E+0	-252.053E-3	-135.162E-12	1.11405E+0	-241.324E-3
-658.000E-3	-135.112E-12	1.08698E+0	-238.132E-3	-134.799E-12	1.09087E+0	-233.221E-3
-654.500E-3	-134.633E-12	1.06657E+0	-216.896E-3	-134.285E-12	1.07229E+0	-219.604E-3
-651.000E-3	-133.369E-12	1.05572E+0	-201.438E-3	-133.414E-12	1.05895E+0	-206.080E-3
-647.500E-3	-132.449E-12	1.05099E+0	-193.751E-3	-132.368E-12	1.04788E+0	-196.595E-3
-644.000E-3	-131.296E-12	1.04038E+0	-189.845E-3	-131.343E-12	1.03481E+0	-190.798E-3
-640.500E-3	-130.030E-12	1.02000E+0	-188.059E-3	-130.461E-12	1.01749E+0	-185.902E-3
-637.000E-3	-129.878E-12	995.871E-3	-182.298E-3	-130.061E-12	997.231E-3	-179.691E-3
-633.500E-3	-129.109E-12	974.475E-3	-171.469E-3	-130.193E-12	976.966E-3	-172.309E-3
-630.000E-3	-131.402E-12	957.740E-3	-162.144E-3	-130.583E-12	958.504E-3	-167.829E-3
-626.500E-3	-131.410E-12	941.381E-3	-159.210E-3	-130.645E-12	942.070E-3	-171.553E-3
-623.000E-3	-130.433E-12	925.652E-3	-179.349E-3	-130.128E-12	927.399E-3	-184.980E-3
-619.500E-3	-128.947E-12	913.126E-3	-208.607E-3	-128.938E-12	913.930E-3	-202.870E-3
-616.000E-3	-127.809E-12	902.425E-3	-227.664E-3	-127.728E-12	900.319E-3	-217.355E-3
-612.500E-3	-125.664E-12	888.204E-3	-228.244E-3	-126.974E-12	883.805E-3	-224.054E-3
-609.000E-3	-126.592E-12	867.796E-3	-222.809E-3	-126.904E-12	860.819E-3	-226.240E-3
-605.500E-3	-127.606E-12	836.997E-3	-223.105E-3	-127.253E-12	829.267E-3	-230.340E-3
-602.000E-3	-127.983E-12	792.702E-3	-236.534E-3	-127.654E-12	790.913E-3	-239.258E-3
-598.500E-3	-127.734E-12	745.156E-3	-254.933E-3	-127.703E-12	751.314E-3	-250.411E-3
-595.000E-3	-127.750E-12	708.477E-3	-264.125E-3	-127.538E-12	717.446E-3	-258.540E-3
-591.500E-3	-127.023E-12	685.433E-3	-265.768E-3	-127.085E-12	693.436E-3	-260.384E-3
-588.000E-3	-127.198E-12	675.678E-3	-257.695E-3	-126.319E-12	678.767E-3	-255.871E-3
-584.500E-3	-124.962E-12	669.225E-3	-248.972E-3	-125.510E-12	669.382E-3	-246.838E-3
-581.000E-3	-123.883E-12	663.542E-3	-236.309E-3	-124.852E-12	660.481E-3	-235.480E-3
-577.500E-3	-125.361E-12	652.794E-3	-221.414E-3	-124.405E-12	648.301E-3	-224.814E-3
-574.000E-3	-123.832E-12	634.723E-3	-212.226E-3	-124.221E-12	632.322E-3	-217.604E-3
-570.500E-3	-123.568E-12	611.645E-3	-212.209E-3	-123.988E-12	615.138E-3	-215.667E-3
-567.000E-3	-124.586E-12	595.010E-3	-216.875E-3	-123.435E-12	602.034E-3	-218.784E-3
-563.500E-3	-122.820E-12	588.129E-3	-224.050E-3	-122.853E-12	597.364E-3	-225.539E-3
-560.000E-3	-120.935E-12	597.527E-3	-233.299E-3	-122.366E-12	602.323E-3	-234.776E-3
-556.500E-3	-122.622E-12	612.824E-3	-244.833E-3	-122.028E-12	614.224E-3	-244.986E-3
-553.000E-3	-122.529E-12	630.489E-3	-258.114E-3	-121.652E-12	629.130E-3	-253.575E-3
-549.500E-3	-120.878E-12	645.036E-3	-263.293E-3	-121.252E-12	643.177E-3	-257.504E-3
-546.000E-3	-119.568E-12	657.885E-3	-259.445E-3	-121.006E-12	654.815E-3	-255.021E-3
-542.500E-3	-121.763E-12	664.199E-3	-249.037E-3	-120.994E-12	664.523E-3	-246.843E-3
-539.000E-3	-122.066E-12	671.636E-3	-235.061E-3	-120.820E-12	673.986E-3	-235.800E-3
-535.500E-3	-119.770E-12	683.887E-3	-222.693E-3	-120.387E-12	682.887E-3	-225.219E-3
-532.000E-3	-118.913E-12	696.237E-3	-213.889E-3	-119.964E-12	687.643E-3	-218.433E-3
-528.500E-3	-120.255E-12	694.416E-3	-211.417E-3	-119.806E-12	683.334E-3	-217.452E-3
-525.000E-3	-120.511E-12	673.904E-3	-219.992E-3	-119.867E-12	668.741E-3	-221.721E-3
-521.500E-3	-119.016E-12	645.306E-3	-230.777E-3	-119.466E-12	647.874E-3	-228.409E-3
-518.000E-3	-120.052E-12	622.470E-3	-236.892E-3	-118.499E-12	627.329E-3	-235.088E-3
-514.500E-3	-116.451E-12	606.983E-3	-238.820E-3	-117.643E-12	611.572E-3	-241.042E-3
-511.000E-3	-115.510E-12	598.972E-3	-246.506E-3	-117.355E-12	600.624E-3	-247.643E-3
-507.500E-3	-118.924E-12	593.914E-3	-254.566E-3	-117.499E-12	591.549E-3	-255.453E-3
-504.000E-3	-118.264E-12	584.013E-3	-265.509E-3	-117.643E-12	581.476E-3	-262.752E-3
-500.500E-3	-117.264E-12	569.929E-3	-272.148E-3	-117.540E-12	569.429E-3	-265.974E-3
-497.000E-3	-116.182E-12	555.197E-3	-268.939E-3	-117.319E-12	557.311E-3	-262.284E-3
-493.500E-3	-118.246E-12	542.843E-3	-255.304E-3	-117.153E-12	548.991E-3	-251.396E-3
-490.000E-3	-117.617E-12	540.276E-3	-234.861E-3	-116.702E-12	547.995E-3	-236.728E-3
-486.500E-3	-115.147E-12	550.079E-3	-217.889E-3	-116.188E-12	555.766E-3	-223.239E-3
-483.000E-3	-114.757E-12	568.266E-3	-210.144E-3	-115.757E-12	571.141E-3	-214.388E-3
-479.500E-3	-116.960E-12	590.477E-3	-208.833E-3	-115.378E-12	591.396E-3	-210.898E-3
-476.000E-3	-115.363E-12	613.474E-3	-209.799E-3	-114.890E-12	614.600E-3	-211.699E-3
-472.500E-3	-112.653E-12	637.435E-3	-213.446E-3	-114.204E-12	640.542E-3	-215.464E-3
-469.000E-3	-114.095E-12	666.717E-3	-220.787E-3	-113.489E-12	670.434E-3	-220.834E-3
-465.500E-3	-113.444E-12	700.946E-3	-228.301E-3	-113.067E-12	706.703E-3	-225.836E-3
-462.000E-3	-111.831E-12	742.763E-3	-231.826E-3	-112.869E-12	751.236E-3	-228.731E-3
-458.500E-3	-112.894E-12	799.932E-3	-229.536E-3	-112.561E-12	804.829E-3	-229.584E-3
-455.000E-3	-113.194E-12	862.159E-3	-227.464E-3	-112.093E-12	867.150E-3	-230.927E-3
-451.500E-3	-110.976E-12	932.050E-3	-230.743E-3	-111.310E-12	936.968E-3	-236.077E-3
-448.000E-3	-110.027E-12	1.01001E+0	-242.778E-3	-110.330E-12	1.01173E+0	-246.036E-3
-444.500E-3	-109.360E-12	1.09111E+0	-261.169E-3	-109.432E-12	1.08896E+0	-257.900E-3
-441.000E-3	-108.972E-12	1.16664E+0	-273.799E-3	-108.747E-12	1.16671E+0	-266.051E-3
-437.500E-3	-107.796E-12	1.24271E+0	-274.528E-3	-108.234E-12	1.24369E+0	-265.396E-3
-434.000E-3	-107.572E-12	1.32271E+0	-260.654E-3	-107.453E-12	1.31788E+0	-255.176E-3
-430.500E-3	-108.140E-12	1.39473E+0	-237.054E-3	-106.234E-12	1.38525E+0	-240.330E-3
-427.000E-3	-103.429E-12	1.45242E+0	-219.056E-3	-104.868E-12	1.43975E+0	-227.355E-3
-423.500E-3	-102.595E-12	1.49220E+0	-217.044E-3	-103.803E-12	1.47727E+0	-219.120E-3
-420.000E-3	-103.961E-12	1.50659E+0	-217.907E-3	-103.018E-12	1.49886E+0	-213.599E-3
-416.500E-3	-103.203E-12	1.50976E+0	-209.533E-3	-102.435E-12	1.50903E+0	-207.073E-3
-413.000E-3	-100.542E-12	1.51531E+0	-197.747E-3	-101.724E-12	1.51198E+0	-199.350E-3
-409.500E-3	-100.957E-12	1.51574E+0	-187.220E-3	-100.883E-12	1.50957E+0	-194.191E-3
-406.000E-3	-101.187E-12	1.50510E+0	-189.268E-3	-99.8136E-12	1.50230E+0	-195.396E-3
-402.500E-3	-98.4340E-12	1.48992E+0	-200.691E-3	-98.5169E-12	1.49171E+0	-203.218E-3
-399.000E-3	-95.8494E-12	1.47942E+0	-215.800E-3	-97.3582E-12	1.47976E+0	-214.413E-3
-395.500E-3	-96.2955E-12	1.47021E+0	-228.982E-3	-96.6395E-12	1.46655E+0	-224.357E-3
-392.000E-3	-97.6023E-12	1.45408E+0	-233.996E-3	-96.3741E-12	1.45009E+0	-230.912E-3
-388.500E-3	-95.4142E-12	1.43242E+0	-233.155E-3	-96.1156E-12	1.42864E+0	-235.370E-3
-385.000E-3	-95.7590E-12	1.40475E+0	-236.974E-3	-95.4593E-12	1.40260E+0	-240.643E-3
-381.500E-3	-95.4502E-12	1.37349E+0	-247.290E-3	-94.6617E-12	1.37410E+0	-248.291E-3
-378.000E-3	-92.6168E-12	1.34378E+0	-259.039E-3	-93.8370E-12	1.34555E+0	-256.212E-3
-374.500E-3	-93.7716E-12	1.31668E+0	-267.353E-3	-92.9570E-12	1.31925E+0	-261.003E-3
-371.000E-3	-91.9556E-12	1.29312E+0	-263.066E-3	-92.0222E-12	1.29673E+0	-261.758E-3
-367.500E-3	-91.0901E-12	1.27537E+0	-257.248E-3	-91.2492E-12	1.27847E+0	-260.436E-3
-364.000E-3	-89.8789E-12	1.26252E+0	-258.623E-3	-90.4487E-12	1.26412E+0	-258.605E-3
-360.500E-3	-90.5650E-12	1.25144E+0	-260.459E-3	-89.8468E-12	1.25279E+0	-255.272E-3
-357.000E-3	-88.8866E-12	1.24248E+0	-253.042E-3	-89.3223E-12	1.24314E+0	-247.880E-3
-353.500E-3	-88.6158E-12	1.23514E+0	-236.827E-3	-88.8817E-12	1.23361E+0	-236.282E-3
-350.000E-3	-88.8155E-12	1.22494E+0	-219.872E-3	-88.2984E-12	1.22330E+0	-223.811E-3
-346.500E-3	-88.0513E-12	1.21117E+0	-209.884E-3	-87.5149E-12	1.21118E+0	-214.013E-3
-343.000E-3	-86.1559E-12	1.20029E+0	-207.212E-3	-86.6264E-12	1.19653E+0	-208.628E-3
-339.500E-3	-85.0799E-12	1.18120E+0	-204.420E-3	-85.9141E-12	1.18048E+0	-207.324E-3
-336.000E-3	-85.9736E-12	1.15941E+0	-207.482E-3	-85.3706E-12	1.16705E+0	-209.148E-3
-332.500E-3	-85.4068E-12	1.15055E+0	-212.556E-3	-84.7961E-12	1.16170E+0	-212.921E-3
-329.000E-3	-83.4843E-12	1.15960E+0	-218.406E-3	-84.1963E-12	1.16800E+0	-218.000E-3
-325.500E-3	-83.1361E-12	1.18184E+0	-222.320E-3	-83.6027E-12	1.18422E+0	-222.872E-3
-322.000E-3	-84.0366E-12	1.20706E+0	-229.795E-3	-83.1154E-12	1.20479E+0	-227.551E-3
-318.500E-3	-82.3995E-12	1.22811E+0	-229.488E-3	-82.6371E-12	1.22373E+0	-233.550E-3
-315.000E-3	-81.7141E-12	1.24300E+0	-237.575E-3	-82.0529E-12	1.23785E+0	-241.847E-3
-311.500E-3	-81.7753E-12	1.24819E+0	-255.250E-3	-81.3104E-12	1.24783E+0	-251.522E-3
-308.000E-3	-80.8439E-12	1.25341E+0	-263.299E-3	-80.4365E-12	1.25649E+0	-260.162E-3
-304.500E-3	-79.0909E-12	1.26497E+0	-268.017E-3	-79.4636E-12	1.26619E+0	-265.444E-3
-301.000E-3	-78.0657E-12	1.27798E+0	-267.989E-3	-78.4410E-12	1.27753E+0	-266.663E-3
-297.500E-3	-78.2026E-12	1.28958E+0	-267.791E-3	-77.5383E-12	1.28909E+0	-264.230E-3
-294.000E-3	-76.1873E-12	1.30151E+0	-261.168E-3	-76.6872E-12	1.29956E+0	-258.522E-3
-290.500E-3	-75.9235E-12	1.30909E+0	-249.287E-3	-75.9146E-12	1.30938E+0	-251.534E-3
-287.000E-3	-75.0764E-12	1.31676E+0	-241.786E-3	-75.1812E-12	1.31984E+0	-246.518E-3
-283.500E-3	-74.7995E-12	1.33095E+0	-241.627E-3	-74.5549E-12	1.33130E+0	-246.347E-3
-280.000E-3	-73.6965E-12	1.34580E+0	-249.218E-3	-73.8894E-12	1.34225E+0	-251.283E-3
-276.500E-3	-73.2342E-12	1.35453E+0	-259.811E-3	-73.1299E-12	1.35091E+0	-258.801E-3
-273.000E-3	-72.6876E-12	1.35600E+0	-268.779E-3	-72.2482E-12	1.35808E+0	-265.575E-3
-269.500E-3	-70.9136E-12	1.36107E+0	-272.395E-3	-71.3419E-12	1.36653E+0	-269.444E-3
-266.000E-3	-70.3436E-12	1.37718E+0	-270.987E-3	-70.4652E-12	1.37691E+0	-269.969E-3
-262.500E-3	-69.8786E-12	1.39313E+0	-269.198E-3	-69.5773E-12	1.38616E+0	-267.921E-3
-259.000E-3	-68.8657E-12	1.39625E+0	-264.888E-3	-68.5984E-12	1.39090E+0	-263.861E-3
-255.500E-3	-67.3060E-12	1.38999E+0	-259.906E-3	-67.5611E-12	1.39191E+0	-257.106E-3
-252.000E-3	-66.1522E-12	1.38728E+0	-251.014E-3	-66.7245E-12	1.39463E+0	-247.080E-3
-248.500E-3	-66.1581E-12	1.39652E+0	-233.821E-3	-66.1869E-12	1.40445E+0	-235.325E-3
-245.000E-3	-66.1069E-12	1.41881E+0	-219.499E-3	-65.7738E-12	1.42180E+0	-225.420E-3
-241.500E-3	-65.3887E-12	1.44638E+0	-215.122E-3	-65.1057E-12	1.44224E+0	-220.932E-3
-238.000E-3	-64.4913E-12	1.46592E+0	-219.936E-3	-64.1459E-12	1.46051E+0	-223.200E-3
-234.500E-3	-62.4647E-12	1.47618E+0	-228.982E-3	-63.0701E-12	1.47371E+0	-229.801E-3
-231.000E-3	-62.1739E-12	1.48423E+0	-240.632E-3	-62.1136E-12	1.48224E+0	-236.586E-3
-227.500E-3	-61.2853E-12	1.48852E+0	-244.662E-3	-61.2487E-12	1.48744E+0	-239.928E-3
-224.000E-3	-60.5818E-12	1.49272E+0	-241.241E-3	-60.3346E-12	1.48984E+0	-239.268E-3
-220.500E-3	-59.3867E-12	1.49141E+0	-233.732E-3	-59.2441E-12	1.48961E+0	-236.568E-3
-217.000E-3	-57.8169E-12	1.48710E+0	-232.842E-3	-58.2176E-12	1.48730E+0	-234.959E-3
-213.500E-3	-57.0047E-12	1.48458E+0	-234.174E-3	-57.3644E-12	1.48314E+0	-236.234E-3
-210.000E-3	-57.0351E-12	1.47951E+0	-238.692E-3	-56.6289E-12	1.47772E+0	-239.659E-3
-206.500E-3	-56.0590E-12	1.47027E+0	-246.316E-3	-55.8012E-12	1.47203E+0	-242.755E-3
-203.000E-3	-54.7476E-12	1.46473E+0	-246.620E-3	-54.7728E-12	1.46799E+0	-243.690E-3
-199.500E-3	-53.5151E-12	1.46392E+0	-242.072E-3	-53.7070E-12	1.46754E+0	-242.630E-3
-196.000E-3	-52.5185E-12	1.46911E+0	-238.592E-3	-52.8956E-12	1.47079E+0	-241.098E-3
-192.500E-3	-52.1898E-12	1.47729E+0	-240.558E-3	-52.2637E-12	1.47535E+0	-241.182E-3
-189.000E-3	-52.2517E-12	1.48219E+0	-241.465E-3	-51.6608E-12	1.47821E+0	-243.798E-3
-185.500E-3	-50.6991E-12	1.48023E+0	-246.869E-3	-50.9211E-12	1.47804E+0	-248.829E-3
-182.000E-3	-50.1132E-12	1.47420E+0	-255.702E-3	-50.0888E-12	1.47596E+0	-254.866E-3
-178.500E-3	-49.1489E-12	1.47217E+0	-263.467E-3	-49.2026E-12	1.47491E+0	-259.740E-3
-175.000E-3	-48.5569E-12	1.47348E+0	-264.712E-3	-48.2504E-12	1.47776E+0	-261.284E-3
-171.500E-3	-47.2916E-12	1.48153E+0	-260.502E-3	-47.1797E-12	1.48554E+0	-259.319E-3
-168.000E-3	-45.6818E-12	1.49676E+0	-254.582E-3	-46.0520E-12	1.49652E+0	-254.931E-3
-164.500E-3	-45.1620E-12	1.51156E+0	-250.569E-3	-44.9816E-12	1.50784E+0	-249.380E-3
-161.000E-3	-43.8134E-12	1.51875E+0	-243.537E-3	-44.0255E-12	1.51831E+0	-244.059E-3
-157.500E-3	-43.1719E-12	1.52436E+0	-236.384E-3	-43.1978E-12	1.53039E+0	-240.853E-3
-154.000E-3	-42.3471E-12	1.54013E+0	-237.423E-3	-42.3847E-12	1.54820E+0	-241.233E-3
-150.500E-3	-41.8013E-12	1.56960E+0	-244.869E-3	-41.4658E-12	1.57305E+0	-244.808E-3
-147.000E-3	-40.6263E-12	1.60473E+0	-251.856E-3	-40.4175E-12	1.60153E+0	-248.889E-3
-143.500E-3	-38.7592E-12	1.63373E+0	-253.777E-3	-39.3435E-12	1.62900E+0	-250.255E-3
-140.000E-3	-38.5012E-12	1.65370E+0	-250.453E-3	-38.3768E-12	1.65389E+0	-247.596E-3
-136.500E-3	-37.5417E-12	1.67468E+0	-242.257E-3	-37.4898E-12	1.67827E+0	-241.997E-3
-133.000E-3	-36.7476E-12	1.70227E+0	-233.792E-3	-36.6106E-12	1.70516E+0	-235.817E-3
-129.500E-3	-35.5095E-12	1.73378E+0	-228.977E-3	-35.6151E-12	1.73476E+0	-231.980E-3
-126.000E-3	-34.7076E-12	1.76839E+0	-227.536E-3	-34.5334E-12	1.76339E+0	-232.613E-3
-122.500E-3	-33.4989E-12	1.79515E+0	-235.440E-3	-33.3002E-12	1.78592E+0	-237.819E-3
-119.000E-3	-31.9694E-12	1.80639E+0	-246.949E-3	-31.9903E-12	1.79857E+0	-244.849E-3
-115.500E-3	-30.3882E-12	1.80682E+0	-255.568E-3	-30.7121E-12	1.80028E+0	-250.243E-3
-112.000E-3	-29.5280E-12	1.79729E+0	-253.675E-3	-29.5667E-12	1.79314E+0	-251.953E-3
-108.500E-3	-28.6510E-12	1.78102E+0	-250.280E-3	-28.5791E-12	1.78102E+0	-250.867E-3
-105.000E-3	-27.4683E-12	1.76527E+0	-248.164E-3	-27.6332E-12	1.76859E+0	-248.593E-3
-101.500E-3	-26.9175E-12	1.75413E+0	-247.532E-3	-26.6734E-12	1.76073E+0	-246.199E-3
-98.0000E-3	-25.5466E-12	1.75316E+0	-243.346E-3	-25.6563E-12	1.76111E+0	-244.815E-3
-94.5000E-3	-24.7346E-12	1.76481E+0	-240.376E-3	-24.5975E-12	1.77030E+0	-246.024E-3
-91.0000E-3	-23.4242E-12	1.78547E+0	-249.106E-3	-23.4836E-12	1.78542E+0	-251.408E-3
-87.5000E-3	-22.3795E-12	1.80557E+0	-259.018E-3	-22.3431E-12	1.80178E+0	-260.060E-3
-84.0000E-3	-21.2716E-12	1.81849E+0	-272.976E-3	-21.1918E-12	1.81528E+0	-267.975E-3
-80.5000E-3	-19.8327E-12	1.82759E+0	-278.423E-3	-20.0933E-12	1.82462E+0	-270.619E-3
-77.0000E-3	-19.1055E-12	1.83082E+0	-270.096E-3	-19.0470E-12	1.83067E+0	-266.055E-3
-73.5000E-3	-18.1121E-12	1.83544E+0	-257.118E-3	-18.0196E-12	1.83463E+0	-255.496E-3
-70.0000E-3	-16.9791E-12	1.83884E+0	-240.880E-3	-16.9795E-12	1.83660E+0	-243.428E-3
-66.5000E-3	-15.8592E-12	1.83860E+0	-228.193E-3	-15.9038E-12	1.83539E+0	-234.206E-3
-63.0000E-3	-14.8288E-12	1.83447E+0	-226.958E-3	-14.8340E-12	1.82909E+0	-229.329E-3
-59.5000E-3	-13.8155E-12	1.82129E+0	-228.856E-3	-13.7643E-12	1.81694E+0	-227.636E-3
-56.0000E-3	-12.6888E-12	1.80114E+0	-227.633E-3	-12.7085E-12	1.80014E+0	-226.802E-3
-52.5000E-3	-11.5537E-12	1.77981E+0	-225.207E-3	-11.6832E-12	1.78166E+0	-225.186E-3
-49.0000E-3	-10.7429E-12	1.76138E+0	-223.419E-3	-10.7065E-12	1.76452E+0	-222.442E-3
-45.5000E-3	-9.76486E-12	1.74877E+0	-220.018E-3	-9.76391E-12	1.74954E+0	-218.511E-3
-42.0000E-3	-8.82489E-12	1.73740E+0	-213.875E-3	-8.82048E-12	1.73533E+0	-214.140E-3
-38.5000E-3	-7.88685E-12	1.72204E+0	-207.141E-3	-7.87231E-12	1.71946E+0	-210.829E-3
-35.0000E-3	-6.86330E-12	1.70334E+0	-207.959E-3	-6.92335E-12	1.70061E+0	-209.908E-3
-31.5000E-3	-6.05966E-12	1.67932E+0	-211.289E-3	-5.97828E-12	1.67905E+0	-211.506E-3
-28.0000E-3	-4.97375E-12	1.65610E+0	-214.174E-3	-5.04193E-12	1.65597E+0	-214.748E-3
-24.5000E-3	-4.10154E-12	1.63251E+0	-218.322E-3	-4.12568E-12	1.63195E+0	-218.853E-3
-21.0000E-3	-3.24214E-12	1.60848E+0	-222.851E-3	-3.24693E-12	1.60705E+0	-223.718E-3
-17.5000E-3	-2.33243E-12	1.58165E+0	-229.302E-3	-2.40393E-12	1.58086E+0	-228.879E-3
-14.0000E-3	-1.65989E-12	1.55401E+0	-235.224E-3	-1.57509E-12	1.55333E+0	-232.876E-3
-10.5000E-3	-701.336E-15	1.52548E+0	-237.613E-3	-758.476E-15	1.52514E+0	-234.622E-3
-7.00000E-3	76.0307E-15	1.49536E+0	-234.052E-3	44.5552E-15	1.49745E+0	-234.192E-3
-3.50000E-3	801.801E-15	1.46962E+0	-231.744E-3	817.622E-15	1.47053E+0	-233.556E-3
0.00000E+0	1.63940E-12	1.44614E+0	-231.482E-3	1.56245E-12	1.44349E+0	-234.378E-3
3.50000E-3	2.20983E-12	1.41712E+0	-237.763E-3	2.29540E-12	1.41525E+0	-237.286E-3
7.00000E-3	3.07946E-12	1.38492E+0	-240.984E-3	3.02294E-12	1.38603E+0	-241.557E-3
10.5000E-3	3.75053E-12	1.35457E+0	-245.992E-3	3.73946E-12	1.35781E+0	-246.815E-3
14.0000E-3	4.43387E-12	1.32970E+0	-251.836E-3	4.44779E-12	1.33240E+0	-252.341E-3
17.5000E-3	5.16620E-12	1.30944E+0	-259.817E-3	5.13258E-12	1.30953E+0	-256.909E-3
21.0000E-3	5.80917E-12	1.28888E+0	-262.681E-3	5.80552E-12	1.28772E+0	-258.184E-3
24.5000E-3	6.47006E-12	1.26575E+0	-258.441E-3	6.45210E-12	1.26569E+0	-254.986E-3
28.0000E-3	7.11383E-12	1.24314E+0	-248.310E-3	7.07709E-12	1.24255E+0	-248.083E-3
31.5000E-3	7.64938E-12	1.22042E+0	-238.603E-3	7.69846E-12	1.21831E+0	-240.039E-3
35.0000E-3	8.31871E-12	1.19234E+0	-231.011E-3	8.32152E-12	1.19372E+0	-233.514E-3
38.5000E-3	8.98483E-12	1.16753E+0	-227.141E-3	8.96138E-12	1.17016E+0	-229.779E-3
42.0000E-3	9.55555E-12	1.14693E+0	-228.243E-3	9.61414E-12	1.14937E+0	-229.049E-3
45.5000E-3	10.3123E-12	1.12924E+0	-228.769E-3	10.2489E-12	1.13279E+0	-231.393E-3
49.0000E-3	10.9231E-12	1.11722E+0	-233.907E-3	10.8617E-12	1.12023E+0	-236.646E-3
52.5000E-3	11.3814E-12	1.11068E+0	-244.127E-3	11.4618E-12	1.10995E+0	-243.145E-3
56.0000E-3	12.0633E-12	1.10281E+0	-253.331E-3	12.0841E-12	1.09967E+0	-248.083E-3
59.5000E-3	12.6966E-12	1.08836E+0	-252.843E-3	12.6998E-12	1.08820E+0	-249.342E-3
63.0000E-3	13.4929E-12	1.07418E+0	-246.289E-3	13.3017E-12	1.07684E+0	-247.231E-3
66.5000E-3	13.6955E-12	1.06401E+0	-243.055E-3	13.8777E-12	1.06815E+0	-243.781E-3
70.0000E-3	14.4674E-12	1.06086E+0	-240.655E-3	14.4666E-12	1.06377E+0	-241.034E-3
73.5000E-3	15.1203E-12	1.06187E+0	-238.002E-3	15.0737E-12	1.06267E+0	-240.535E-3
77.0000E-3	15.6868E-12	1.06484E+0	-238.950E-3	15.7112E-12	1.06197E+0	-242.812E-3
80.5000E-3	16.3105E-12	1.06277E+0	-247.998E-3	16.3261E-12	1.05969E+0	-246.954E-3
84.0000E-3	17.0037E-12	1.05384E+0	-254.672E-3	16.9221E-12	1.05650E+0	-250.496E-3
87.5000E-3	17.4930E-12	1.05067E+0	-253.671E-3	17.4873E-12	1.05436E+0	-251.780E-3
91.0000E-3	18.0214E-12	1.05451E+0	-249.259E-3	18.0451E-12	1.05422E+0	-251.606E-3
94.5000E-3	18.5415E-12	1.05673E+0	-249.637E-3	18.6136E-12	1.05525E+0	-251.635E-3
98.0000E-3	19.2690E-12	1.05601E+0	-254.721E-3	19.2095E-12	1.05651E+0	-251.341E-3
101.500E-3	19.7969E-12	1.05580E+0	-253.524E-3	19.8778E-12	1.05901E+0	-249.291E-3
105.000E-3	20.4071E-12	1.06094E+0	-243.219E-3	20.5886E-12	1.06423E+0	-245.747E-3
108.500E-3	21.6021E-12	1.07226E+0	-238.798E-3	21.2776E-12	1.07187E+0	-243.628E-3
112.000E-3	21.9318E-12	1.08227E+0	-241.888E-3	21.9239E-12	1.07967E+0	-245.558E-3
115.500E-3	22.3346E-12	1.08803E+0	-251.411E-3	22.5405E-12	1.08548E+0	-251.005E-3
119.000E-3	23.2306E-12	1.08937E+0	-259.796E-3	23.1717E-12	1.08850E+0	-255.600E-3
122.500E-3	23.8663E-12	1.09031E+0	-262.802E-3	23.8699E-12	1.08900E+0	-255.053E-3
126.000E-3	24.5532E-12	1.08951E+0	-251.528E-3	24.5906E-12	1.08776E+0	-248.155E-3
129.500E-3	25.3218E-12	1.08457E+0	-235.051E-3	25.3151E-12	1.08669E+0	-237.767E-3
133.000E-3	26.0380E-12	1.08271E+0	-224.076E-3	26.0386E-12	1.08839E+0	-228.332E-3
136.500E-3	26.8280E-12	1.09124E+0	-219.969E-3	26.7747E-12	1.09513E+0	-222.678E-3
140.000E-3	27.3718E-12	1.10477E+0	-220.184E-3	27.5145E-12	1.10726E+0	-220.553E-3
143.500E-3	28.3777E-12	1.12211E+0	-219.986E-3	28.2498E-12	1.12347E+0	-220.066E-3
147.000E-3	29.0048E-12	1.14106E+0	-220.472E-3	28.9294E-12	1.14263E+0	-218.389E-3
150.500E-3	29.5842E-12	1.16177E+0	-219.268E-3	29.5510E-12	1.16546E+0	-213.132E-3
154.000E-3	30.0636E-12	1.18767E+0	-205.689E-3	30.1677E-12	1.19264E+0	-203.975E-3
157.500E-3	30.7054E-12	1.22350E+0	-189.816E-3	30.8401E-12	1.22289E+0	-193.198E-3
161.000E-3	31.7104E-12	1.25777E+0	-180.423E-3	31.5705E-12	1.25298E+0	-184.811E-3
164.500E-3	32.2639E-12	1.28311E+0	-176.928E-3	32.3778E-12	1.27988E+0	-182.464E-3
168.000E-3	33.0611E-12	1.30391E+0	-181.955E-3	33.2635E-12	1.30306E+0	-186.922E-3
171.500E-3	34.3264E-12	1.32343E+0	-195.556E-3	34.2093E-12	1.32441E+0	-195.861E-3
175.000E-3	35.2331E-12	1.34512E+0	-209.802E-3	35.1645E-12	1.34527E+0	-205.056E-3
178.500E-3	36.1000E-12	1.36792E+0	-215.548E-3	35.9755E-12	1.36458E+0	-210.647E-3
182.000E-3	36.8757E-12	1.38536E+0	-213.160E-3	36.7178E-12	1.38022E+0	-211.364E-3
185.500E-3	36.9527E-12	1.39385E+0	-208.884E-3	37.4748E-12	1.39107E+0	-209.180E-3
189.000E-3	38.5845E-12	1.39854E+0	-204.437E-3	38.3241E-12	1.39839E+0	-207.055E-3
192.500E-3	39.1881E-12	1.40295E+0	-205.235E-3	39.1665E-12	1.40489E+0	-207.418E-3
196.000E-3	40.1385E-12	1.41096E+0	-208.049E-3	39.9427E-12	1.41369E+0	-211.353E-3
199.500E-3	40.4955E-12	1.42177E+0	-216.863E-3	40.7243E-12	1.42671E+0	-218.715E-3
203.000E-3	41.1959E-12	1.44192E+0	-228.538E-3	41.6760E-12	1.44421E+0	-227.905E-3
206.500E-3	43.1247E-12	1.46503E+0	-239.017E-3	42.7876E-12	1.46518E+0	-236.853E-3
210.000E-3	43.9510E-12	1.48710E+0	-245.896E-3	43.9349E-12	1.48843E+0	-242.937E-3
213.500E-3	45.0701E-12	1.51181E+0	-249.424E-3	44.9732E-12	1.51321E+0	-244.492E-3
217.000E-3	45.9422E-12	1.53857E+0	-243.862E-3	46.0066E-12	1.53953E+0	-241.099E-3
220.500E-3	46.6711E-12	1.56681E+0	-234.925E-3	47.1207E-12	1.56831E+0	-234.483E-3
224.000E-3	48.8133E-12	1.59554E+0	-224.235E-3	48.3123E-12	1.60138E+0	-227.811E-3
227.500E-3	49.3049E-12	1.63421E+0	-220.180E-3	49.4520E-12	1.64006E+0	-224.611E-3
231.000E-3	50.6936E-12	1.68373E+0	-222.577E-3	50.4821E-12	1.68343E+0	-226.884E-3
234.500E-3	51.3568E-12	1.73098E+0	-231.444E-3	51.4582E-12	1.72780E+0	-235.112E-3
238.000E-3	52.2169E-12	1.77401E+0	-245.779E-3	52.5879E-12	1.76893E+0	-248.166E-3
241.500E-3	53.8994E-12	1.80822E+0	-263.973E-3	53.7959E-12	1.80479E+0	-263.271E-3
245.000E-3	55.3209E-12	1.83748E+0	-282.182E-3	54.9356E-12	1.83627E+0	-276.485E-3
248.500E-3	56.0678E-12	1.86525E+0	-290.187E-3	55.9076E-12	1.86504E+0	-283.923E-3
252.000E-3	56.4041E-12	1.89333E+0	-289.182E-3	56.9010E-12	1.89209E+0	-283.484E-3
255.500E-3	57.6710E-12	1.91974E+0	-279.398E-3	58.1613E-12	1.91722E+0	-275.343E-3
259.000E-3	59.9659E-12	1.94160E+0	-263.759E-3	59.6341E-12	1.93995E+0	-262.498E-3
262.500E-3	61.4867E-12	1.96125E+0	-244.705E-3	61.2144E-12	1.96004E+0	-248.999E-3
266.000E-3	62.1959E-12	1.97977E+0	-234.276E-3	62.7374E-12	1.97708E+0	-237.177E-3
269.500E-3	64.5821E-12	1.99429E+0	-230.196E-3	64.0958E-12	1.99076E+0	-226.389E-3
273.000E-3	65.7236E-12	2.00232E+0	-217.325E-3	65.2061E-12	2.00139E+0	-215.433E-3
276.500E-3	65.9589E-12	2.00951E+0	-200.214E-3	66.0611E-12	2.01015E+0	-205.498E-3
280.000E-3	66.5370E-12	2.01831E+0	-192.415E-3	66.7585E-12	2.01807E+0	-200.280E-3
283.500E-3	67.5250E-12	2.02703E+0	-197.827E-3	67.6376E-12	2.02454E+0	-202.331E-3
287.000E-3	68.4653E-12	2.03229E+0	-209.952E-3	68.9104E-12	2.02779E+0	-210.743E-3
290.500E-3	70.2001E-12	2.02958E+0	-221.551E-3	70.4859E-12	2.02769E+0	-222.385E-3
294.000E-3	72.6960E-12	2.02282E+0	-235.681E-3	71.9984E-12	2.02692E+0	-234.143E-3
297.500E-3	73.8228E-12	2.02377E+0	-247.379E-3	73.3096E-12	2.02852E+0	-244.609E-3
301.000E-3	73.5802E-12	2.03372E+0	-252.785E-3	74.5409E-12	2.03281E+0	-254.445E-3
304.500E-3	75.7502E-12	2.04142E+0	-261.724E-3	75.8424E-12	2.03751E+0	-264.629E-3
308.000E-3	77.9574E-12	2.04124E+0	-277.269E-3	77.2254E-12	2.04033E+0	-274.141E-3
311.500E-3	78.4241E-12	2.04068E+0	-288.088E-3	78.5506E-12	2.04095E+0	-279.674E-3
315.000E-3	79.4664E-12	2.04139E+0	-283.756E-3	79.6618E-12	2.03987E+0	-278.555E-3
318.500E-3	81.0123E-12	2.03963E+0	-271.203E-3	80.5588E-12	2.03671E+0	-271.677E-3
322.000E-3	81.6587E-12	2.03313E+0	-261.087E-3	81.3233E-12	2.03028E+0	-262.748E-3
325.500E-3	81.4452E-12	2.02243E+0	-253.399E-3	82.1765E-12	2.02033E+0	-255.624E-3
329.000E-3	82.6683E-12	2.00820E+0	-248.150E-3	83.2814E-12	2.00858E+0	-252.099E-3
332.500E-3	85.3834E-12	1.99389E+0	-250.350E-3	84.4677E-12	1.99809E+0	-252.021E-3
336.000E-3	86.0075E-12	1.98680E+0	-254.793E-3	85.8108E-12	1.99128E+0	-253.302E-3
339.500E-3	85.5502E-12	1.98770E+0	-257.512E-3	87.2663E-12	1.98882E+0	-253.089E-3
343.000E-3	89.8754E-12	1.98861E+0	-251.737E-3	88.7530E-12	1.99093E+0	-249.419E-3
346.500E-3	90.9556E-12	1.99153E+0	-243.055E-3	90.1282E-12	1.99901E+0	-242.757E-3
350.000E-3	90.5649E-12	2.00693E+0	-234.086E-3	91.2253E-12	2.01498E+0	-234.354E-3
353.500E-3	92.0675E-12	2.03588E+0	-226.536E-3	92.2304E-12	2.03910E+0	-225.645E-3
357.000E-3	93.1590E-12	2.06863E+0	-215.830E-3	93.4819E-12	2.06958E+0	-217.658E-3
360.500E-3	95.5080E-12	2.10096E+0	-208.723E-3	94.9291E-12	2.10467E+0	-211.617E-3
364.000E-3	95.9814E-12	2.13973E+0	-206.321E-3	96.4558E-12	2.14402E+0	-208.194E-3
367.500E-3	97.7368E-12	2.18557E+0	-206.860E-3	97.9505E-12	2.18804E+0	-206.681E-3
371.000E-3	100.336E-12	2.23424E+0	-207.356E-3	99.4684E-12	2.23606E+0	-204.756E-3
374.500E-3	100.092E-12	2.28624E+0	-203.490E-3	101.067E-12	2.28663E+0	-200.615E-3
378.000E-3	102.942E-12	2.33798E+0	-194.346E-3	102.701E-12	2.33885E+0	-194.576E-3
381.500E-3	104.628E-12	2.39091E+0	-185.553E-3	104.110E-12	2.39274E+0	-189.062E-3
385.000E-3	105.857E-12	2.44695E+0	-182.647E-3	105.499E-12	2.44687E+0	-187.386E-3
388.500E-3	105.491E-12	2.50535E+0	-186.564E-3	106.948E-12	2.49790E+0	-191.394E-3
392.000E-3	108.946E-12	2.55020E+0	-198.926E-3	108.623E-12	2.54222E+0	-200.592E-3
395.500E-3	111.303E-12	2.58174E+0	-212.942E-3	110.440E-12	2.57802E+0	-213.291E-3
399.000E-3	111.465E-12	2.61015E+0	-226.617E-3	112.360E-12	2.60576E+0	-228.200E-3
402.500E-3	114.033E-12	2.63149E+0	-243.168E-3	114.139E-12	2.62734E+0	-244.494E-3
406.000E-3	116.902E-12	2.64578E+0	-262.388E-3	115.646E-12	2.64319E+0	-262.117E-3
409.500E-3	117.073E-12	2.65900E+0	-279.612E-3	117.096E-12	2.65127E+0	-278.924E-3
413.000E-3	116.808E-12	2.66052E+0	-299.963E-3	118.524E-12	2.64825E+0	-290.937E-3
416.500E-3	121.242E-12	2.64207E+0	-303.278E-3	120.059E-12	2.63118E+0	-294.349E-3
420.000E-3	122.126E-12	2.60772E+0	-292.801E-3	121.669E-12	2.60016E+0	-288.515E-3
423.500E-3	122.337E-12	2.56130E+0	-276.209E-3	123.269E-12	2.55899E+0	-275.800E-3
427.000E-3	124.779E-12	2.51279E+0	-260.212E-3	124.709E-12	2.51223E+0	-260.499E-3
430.500E-3	127.051E-12	2.46424E+0	-244.220E-3	125.964E-12	2.46186E+0	-246.271E-3
434.000E-3	127.165E-12	2.41288E+0	-230.182E-3	127.084E-12	2.40705E+0	-235.049E-3
437.500E-3	126.605E-12	2.35182E+0	-226.456E-3	128.023E-12	2.34592E+0	-227.000E-3
441.000E-3	130.254E-12	2.28131E+0	-221.895E-3	128.947E-12	2.27811E+0	-221.334E-3
444.500E-3	129.942E-12	2.20665E+0	-215.328E-3	129.928E-12	2.20515E+0	-217.050E-3
448.000E-3	130.024E-12	2.12993E+0	-212.834E-3	131.001E-12	2.12851E+0	-213.998E-3
451.500E-3	132.323E-12	2.05238E+0	-210.991E-3	131.994E-12	2.04843E+0	-212.802E-3
455.000E-3	133.845E-12	1.96762E+0	-212.813E-3	132.861E-12	1.96456E+0	-211.914E-3
458.500E-3	133.404E-12	1.87802E+0	-215.106E-3	133.564E-12	1.87727E+0	-208.032E-3
462.000E-3	133.008E-12	1.78814E+0	-203.749E-3	134.300E-12	1.78884E+0	-200.410E-3
465.500E-3	135.824E-12	1.69752E+0	-184.790E-3	135.204E-12	1.70377E+0	-191.717E-3
469.000E-3	136.939E-12	1.61648E+0	-180.891E-3	136.087E-12	1.62827E+0	-185.758E-3
472.500E-3	136.291E-12	1.55267E+0	-184.608E-3	136.961E-12	1.56776E+0	-184.775E-3
476.000E-3	136.976E-12	1.51391E+0	-185.484E-3	137.524E-12	1.52346E+0	-187.209E-3
479.500E-3	139.937E-12	1.48988E+0	-191.931E-3	137.973E-12	1.49120E+0	-189.907E-3
483.000E-3	137.100E-12	1.46561E+0	-193.728E-3	138.333E-12	1.46523E+0	-190.878E-3
486.500E-3	138.276E-12	1.43941E+0	-190.981E-3	138.886E-12	1.44178E+0	-190.517E-3
490.000E-3	139.763E-12	1.41800E+0	-186.074E-3	139.938E-12	1.41955E+0	-191.193E-3
493.500E-3	141.421E-12	1.40005E+0	-190.454E-3	141.504E-12	1.39706E+0	-196.599E-3
497.000E-3	143.632E-12	1.37699E+0	-204.583E-3	143.025E-12	1.37202E+0	-207.607E-3
500.500E-3	144.137E-12	1.34472E+0	-224.299E-3	144.001E-12	1.34368E+0	-221.742E-3
504.000E-3	145.681E-12	1.31103E+0	-238.339E-3	144.328E-12	1.31448E+0	-235.355E-3
507.500E-3	143.435E-12	1.28310E+0	-247.273E-3	144.297E-12	1.28806E+0	-246.342E-3
511.000E-3	143.641E-12	1.26378E+0	-256.188E-3	144.238E-12	1.26651E+0	-254.000E-3
514.500E-3	145.256E-12	1.24768E+0	-261.955E-3	144.307E-12	1.24950E+0	-257.461E-3
518.000E-3	143.960E-12	1.23415E+0	-261.115E-3	144.891E-12	1.23583E+0	-255.183E-3
521.500E-3	144.748E-12	1.22308E+0	-250.391E-3	145.894E-12	1.22426E+0	-246.521E-3
525.000E-3	148.202E-12	1.21434E+0	-233.855E-3	147.191E-12	1.21360E+0	-233.691E-3
528.500E-3	148.859E-12	1.20409E+0	-216.480E-3	148.645E-12	1.20295E+0	-221.438E-3
532.000E-3	149.311E-12	1.19105E+0	-206.902E-3	149.872E-12	1.19242E+0	-215.046E-3
535.500E-3	151.486E-12	1.18082E+0	-210.442E-3	150.873E-12	1.18302E+0	-216.792E-3
539.000E-3	151.794E-12	1.17408E+0	-225.081E-3	151.673E-12	1.17563E+0	-224.939E-3
542.500E-3	152.576E-12	1.16980E+0	-237.754E-3	152.330E-12	1.16992E+0	-234.994E-3
546.000E-3	152.195E-12	1.16577E+0	-246.151E-3	152.905E-12	1.16444E+0	-242.458E-3
549.500E-3	153.930E-12	1.15933E+0	-249.406E-3	153.489E-12	1.15798E+0	-244.272E-3
553.000E-3	154.470E-12	1.15061E+0	-245.044E-3	154.087E-12	1.15031E+0	-240.958E-3
556.500E-3	153.866E-12	1.14156E+0	-231.218E-3	154.719E-12	1.14209E+0	-236.151E-3
560.000E-3	155.734E-12	1.13348E+0	-227.390E-3	155.215E-12	1.13425E+0	-234.732E-3
563.500E-3	156.202E-12	1.12647E+0	-236.026E-3	155.441E-12	1.12758E+0	-238.484E-3
567.000E-3	155.320E-12	1.12096E+0	-249.078E-3	155.701E-12	1.12272E+0	-244.043E-3
570.500E-3	154.588E-12	1.11819E+0	-253.489E-3	156.122E-12	1.12039E+0	-245.757E-3
574.000E-3	158.002E-12	1.11841E+0	-243.982E-3	156.621E-12	1.12069E+0	-241.897E-3
577.500E-3	157.931E-12	1.12322E+0	-231.200E-3	156.746E-12	1.12202E+0	-235.584E-3
581.000E-3	155.696E-12	1.12652E+0	-227.151E-3	156.837E-12	1.12149E+0	-231.316E-3
584.500E-3	155.249E-12	1.12073E+0	-229.670E-3	156.976E-12	1.11773E+0	-230.985E-3
588.000E-3	159.818E-12	1.10881E+0	-233.701E-3	157.802E-12	1.11263E+0	-233.372E-3
591.500E-3	157.412E-12	1.10438E+0	-236.709E-3	159.002E-12	1.10981E+0	-235.750E-3
595.000E-3	160.657E-12	1.10947E+0	-239.473E-3	160.325E-12	1.11122E+0	-236.588E-3
598.500E-3	161.842E-12	1.11651E+0	-235.675E-3	161.281E-12	1.11591E+0	-235.141E-3
602.000E-3	162.889E-12	1.12166E+0	-233.307E-3	162.183E-12	1.12194E+0	-230.894E-3
605.500E-3	161.537E-12	1.12728E+0	-226.833E-3	162.904E-12	1.12783E+0	-224.258E-3
609.000E-3	163.875E-12	1.13539E+0	-214.236E-3	163.651E-12	1.13246E+0	-218.057E-3
612.500E-3	165.655E-12	1.13771E+0	-207.903E-3	164.235E-12	1.13597E+0	-215.374E-3
616.000E-3	164.037E-12	1.13514E+0	-216.115E-3	164.717E-12	1.13924E+0	-217.496E-3
619.500E-3	164.257E-12	1.14286E+0	-225.067E-3	164.890E-12	1.14302E+0	-221.981E-3
623.000E-3	166.399E-12	1.14978E+0	-228.790E-3	165.191E-12	1.14653E+0	-224.733E-3
626.500E-3	164.456E-12	1.15115E+0	-225.672E-3	165.752E-12	1.14796E+0	-223.449E-3
630.000E-3	166.593E-12	1.14705E+0	-219.631E-3	166.774E-12	1.14651E+0	-219.873E-3
633.500E-3	167.623E-12	1.14252E+0	-212.559E-3	167.887E-12	1.14406E+0	-217.312E-3
637.000E-3	170.752E-12	1.14039E+0	-214.816E-3	168.881E-12	1.14355E+0	-218.278E-3
640.500E-3	168.708E-12	1.14264E+0	-222.241E-3	169.446E-12	1.14719E+0	-222.667E-3
644.000E-3	169.116E-12	1.15280E+0	-230.050E-3	170.050E-12	1.15514E+0	-228.039E-3
647.500E-3	171.207E-12	1.16674E+0	-234.925E-3	170.645E-12	1.16562E+0	-231.676E-3
651.000E-3	172.280E-12	1.17814E+0	-233.489E-3	171.395E-12	1.17536E+0	-233.273E-3
654.500E-3	170.833E-12	1.18618E+0	-231.885E-3	171.810E-12	1.18184E+0	-234.691E-3
658.000E-3	172.857E-12	1.18567E+0	-235.345E-3	171.934E-12	1.18568E+0	-237.814E-3
661.500E-3	171.860E-12	1.18486E+0	-243.244E-3	172.059E-12	1.18988E+0	-243.148E-3
665.000E-3	171.568E-12	1.19387E+0	-249.902E-3	172.721E-12	1.19684E+0	-249.395E-3
668.500E-3	173.175E-12	1.20767E+0	-256.366E-3	173.994E-12	1.20595E+0	-255.274E-3
672.000E-3	176.577E-12	1.21850E+0	-260.331E-3	175.657E-12	1.21445E+0	-260.126E-3
675.500E-3	178.025E-12	1.22138E+0	-265.003E-3	177.196E-12	1.22085E+0	-262.621E-3
679.000E-3	177.487E-12	1.22368E+0	-267.430E-3	178.353E-12	1.22583E+0	-260.218E-3
682.500E-3	179.654E-12	1.23155E+0	-257.065E-3	179.235E-12	1.23012E+0	-251.102E-3
686.000E-3	180.424E-12	1.23635E+0	-237.047E-3	179.992E-12	1.23244E+0	-235.605E-3
689.500E-3	180.491E-12	1.23546E+0	-216.178E-3	180.256E-12	1.22968E+0	-217.585E-3
693.000E-3	180.979E-12	1.22606E+0	-195.554E-3	180.019E-12	1.21898E+0	-202.884E-3
696.500E-3	178.333E-12	1.20564E+0	-187.363E-3	179.769E-12	1.20004E+0	-195.275E-3
700.000E-3	179.571E-12	1.17572E+0	-193.357E-3	179.571E-12	1.17572E+0	-193.357E-3
